#tstp   Ax    Ay
-1  0  0
0  2.14805e-05  2.14805e-05
1  2.14795e-05  2.14795e-05
2  2.14533e-05  2.14533e-05
3  2.14004e-05  2.14004e-05
4  2.1319e-05  2.1319e-05
5  2.12076e-05  2.12076e-05
6  2.10643e-05  2.10643e-05
7  2.08874e-05  2.08874e-05
8  2.0675e-05  2.0675e-05
9  2.04251e-05  2.04251e-05
10  2.01356e-05  2.01356e-05
11  1.98045e-05  1.98045e-05
12  1.94295e-05  1.94295e-05
13  1.90083e-05  1.90083e-05
14  1.85386e-05  1.85386e-05
15  1.80178e-05  1.80178e-05
16  1.74435e-05  1.74435e-05
17  1.68129e-05  1.68129e-05
18  1.61233e-05  1.61233e-05
19  1.53719e-05  1.53719e-05
20  1.45555e-05  1.45555e-05
21  1.36713e-05  1.36713e-05
22  1.2716e-05  1.2716e-05
23  1.16862e-05  1.16862e-05
24  1.05787e-05  1.05787e-05
25  9.3897e-06  9.3897e-06
26  8.11572e-06  8.11572e-06
27  6.75291e-06  6.75291e-06
28  5.29735e-06  5.29735e-06
29  3.74497e-06  3.74497e-06
30  2.09158e-06  2.09158e-06
31  3.32852e-07  3.32852e-07
32  -1.53572e-06  -1.53572e-06
33  -3.51875e-06  -3.51875e-06
34  -5.62105e-06  -5.62105e-06
35  -7.84755e-06  -7.84755e-06
36  -1.02034e-05  -1.02034e-05
37  -1.26938e-05  -1.26938e-05
38  -1.53242e-05  -1.53242e-05
39  -1.81003e-05  -1.81003e-05
40  -2.10279e-05  -2.10279e-05
41  -2.41128e-05  -2.41128e-05
42  -2.73614e-05  -2.73614e-05
43  -3.078e-05  -3.078e-05
44  -3.4375e-05  -3.4375e-05
45  -3.81534e-05  -3.81534e-05
46  -4.2122e-05  -4.2122e-05
47  -4.6288e-05  -4.6288e-05
48  -5.06589e-05  -5.06589e-05
49  -5.52422e-05  -5.52422e-05
50  -6.00458e-05  -6.00458e-05
51  -6.50777e-05  -6.50777e-05
52  -7.03463e-05  -7.03463e-05
53  -7.58601e-05  -7.58601e-05
54  -8.16279e-05  -8.16279e-05
55  -8.76588e-05  -8.76588e-05
56  -9.3962e-05  -9.3962e-05
57  -0.000100547  -0.000100547
58  -0.000107424  -0.000107424
59  -0.000114603  -0.000114603
60  -0.000122094  -0.000122094
61  -0.000129908  -0.000129908
62  -0.000138056  -0.000138056
63  -0.00014655  -0.00014655
64  -0.0001554  -0.0001554
65  -0.000164619  -0.000164619
66  -0.000174218  -0.000174218
67  -0.000184211  -0.000184211
68  -0.000194611  -0.000194611
69  -0.000205429  -0.000205429
70  -0.000216681  -0.000216681
71  -0.00022838  -0.00022838
72  -0.000240539  -0.000240539
73  -0.000253174  -0.000253174
74  -0.0002663  -0.0002663
75  -0.000279932  -0.000279932
76  -0.000294085  -0.000294085
77  -0.000308776  -0.000308776
78  -0.00032402  -0.00032402
79  -0.000339836  -0.000339836
80  -0.00035624  -0.00035624
81  -0.00037325  -0.00037325
82  -0.000390884  -0.000390884
83  -0.000409161  -0.000409161
84  -0.000428098  -0.000428098
85  -0.000447717  -0.000447717
86  -0.000468036  -0.000468036
87  -0.000489076  -0.000489076
88  -0.000510858  -0.000510858
89  -0.000533402  -0.000533402
90  -0.00055673  -0.00055673
91  -0.000580865  -0.000580865
92  -0.000605829  -0.000605829
93  -0.000631645  -0.000631645
94  -0.000658337  -0.000658337
95  -0.000685928  -0.000685928
96  -0.000714443  -0.000714443
97  -0.000743907  -0.000743907
98  -0.000774347  -0.000774347
99  -0.000805786  -0.000805786
100  -0.000838254  -0.000838254
101  -0.000871775  -0.000871775
102  -0.000906379  -0.000906379
103  -0.000942093  -0.000942093
104  -0.000978946  -0.000978946
105  -0.00101697  -0.00101697
106  -0.00105619  -0.00105619
107  -0.00109663  -0.00109663
108  -0.00113834  -0.00113834
109  -0.00118134  -0.00118134
110  -0.00122566  -0.00122566
111  -0.00127133  -0.00127133
112  -0.0013184  -0.0013184
113  -0.00136688  -0.00136688
114  -0.00141683  -0.00141683
115  -0.00146826  -0.00146826
116  -0.00152122  -0.00152122
117  -0.00157574  -0.00157574
118  -0.00163187  -0.00163187
119  -0.00168962  -0.00168962
120  -0.00174906  -0.00174906
121  -0.0018102  -0.0018102
122  -0.0018731  -0.0018731
123  -0.00193779  -0.00193779
124  -0.00200431  -0.00200431
125  -0.0020727  -0.0020727
126  -0.002143  -0.002143
127  -0.00221526  -0.00221526
128  -0.00228952  -0.00228952
129  -0.00236582  -0.00236582
130  -0.00244419  -0.00244419
131  -0.0025247  -0.0025247
132  -0.00260738  -0.00260738
133  -0.00269228  -0.00269228
134  -0.00277944  -0.00277944
135  -0.0028689  -0.0028689
136  -0.00296073  -0.00296073
137  -0.00305496  -0.00305496
138  -0.00315163  -0.00315163
139  -0.00325081  -0.00325081
140  -0.00335254  -0.00335254
141  -0.00345686  -0.00345686
142  -0.00356383  -0.00356383
143  -0.0036735  -0.0036735
144  -0.00378591  -0.00378591
145  -0.00390112  -0.00390112
146  -0.00401919  -0.00401919
147  -0.00414015  -0.00414015
148  -0.00426407  -0.00426407
149  -0.004391  -0.004391
150  -0.00452098  -0.00452098
151  -0.00465408  -0.00465408
152  -0.00479035  -0.00479035
153  -0.00492984  -0.00492984
154  -0.0050726  -0.0050726
155  -0.0052187  -0.0052187
156  -0.00536817  -0.00536817
157  -0.00552109  -0.00552109
158  -0.0056775  -0.0056775
159  -0.00583746  -0.00583746
160  -0.00600103  -0.00600103
161  -0.00616825  -0.00616825
162  -0.00633919  -0.00633919
163  -0.00651391  -0.00651391
164  -0.00669245  -0.00669245
165  -0.00687487  -0.00687487
166  -0.00706123  -0.00706123
167  -0.00725159  -0.00725159
168  -0.007446  -0.007446
169  -0.00764451  -0.00764451
170  -0.00784718  -0.00784718
171  -0.00805406  -0.00805406
172  -0.00826521  -0.00826521
173  -0.00848068  -0.00848068
174  -0.00870054  -0.00870054
175  -0.00892482  -0.00892482
176  -0.00915358  -0.00915358
177  -0.00938688  -0.00938688
178  -0.00962476  -0.00962476
179  -0.00986728  -0.00986728
180  -0.0101145  -0.0101145
181  -0.0103664  -0.0103664
182  -0.0106232  -0.0106232
183  -0.0108848  -0.0108848
184  -0.0111512  -0.0111512
185  -0.0114226  -0.0114226
186  -0.011699  -0.011699
187  -0.0119803  -0.0119803
188  -0.0122668  -0.0122668
189  -0.0125583  -0.0125583
190  -0.012855  -0.012855
191  -0.0131569  -0.0131569
192  -0.013464  -0.013464
193  -0.0137763  -0.0137763
194  -0.014094  -0.014094
195  -0.014417  -0.014417
196  -0.0147453  -0.0147453
197  -0.015079  -0.015079
198  -0.0154181  -0.0154181
199  -0.0157627  -0.0157627
200  -0.0161128  -0.0161128
201  -0.0164683  -0.0164683
202  -0.0168294  -0.0168294
203  -0.0171959  -0.0171959
204  -0.017568  -0.017568
205  -0.0179457  -0.0179457
206  -0.0183289  -0.0183289
207  -0.0187177  -0.0187177
208  -0.0191121  -0.0191121
209  -0.019512  -0.019512
210  -0.0199175  -0.0199175
211  -0.0203286  -0.0203286
212  -0.0207453  -0.0207453
213  -0.0211675  -0.0211675
214  -0.0215952  -0.0215952
215  -0.0220285  -0.0220285
216  -0.0224672  -0.0224672
217  -0.0229115  -0.0229115
218  -0.0233611  -0.0233611
219  -0.0238162  -0.0238162
220  -0.0242767  -0.0242767
221  -0.0247425  -0.0247425
222  -0.0252136  -0.0252136
223  -0.0256899  -0.0256899
224  -0.0261714  -0.0261714
225  -0.026658  -0.026658
226  -0.0271497  -0.0271497
227  -0.0276464  -0.0276464
228  -0.028148  -0.028148
229  -0.0286545  -0.0286545
230  -0.0291657  -0.0291657
231  -0.0296815  -0.0296815
232  -0.030202  -0.030202
233  -0.0307269  -0.0307269
234  -0.0312562  -0.0312562
235  -0.0317897  -0.0317897
236  -0.0323273  -0.0323273
237  -0.032869  -0.032869
238  -0.0334145  -0.0334145
239  -0.0339637  -0.0339637
240  -0.0345166  -0.0345166
241  -0.0350729  -0.0350729
242  -0.0356324  -0.0356324
243  -0.0361951  -0.0361951
244  -0.0367607  -0.0367607
245  -0.0373291  -0.0373291
246  -0.0379  -0.0379
247  -0.0384734  -0.0384734
248  -0.0390488  -0.0390488
249  -0.0396263  -0.0396263
250  -0.0402055  -0.0402055
251  -0.0407862  -0.0407862
252  -0.0413681  -0.0413681
253  -0.0419511  -0.0419511
254  -0.0425349  -0.0425349
255  -0.0431192  -0.0431192
256  -0.0437037  -0.0437037
257  -0.0442881  -0.0442881
258  -0.0448723  -0.0448723
259  -0.0454558  -0.0454558
260  -0.0460383  -0.0460383
261  -0.0466196  -0.0466196
262  -0.0471993  -0.0471993
263  -0.0477771  -0.0477771
264  -0.0483526  -0.0483526
265  -0.0489254  -0.0489254
266  -0.0494953  -0.0494953
267  -0.0500617  -0.0500617
268  -0.0506243  -0.0506243
269  -0.0511828  -0.0511828
270  -0.0517367  -0.0517367
271  -0.0522855  -0.0522855
272  -0.0528288  -0.0528288
273  -0.0533663  -0.0533663
274  -0.0538973  -0.0538973
275  -0.0544216  -0.0544216
276  -0.0549385  -0.0549385
277  -0.0554476  -0.0554476
278  -0.0559483  -0.0559483
279  -0.0564402  -0.0564402
280  -0.0569227  -0.0569227
281  -0.0573953  -0.0573953
282  -0.0578574  -0.0578574
283  -0.0583085  -0.0583085
284  -0.0587479  -0.0587479
285  -0.0591751  -0.0591751
286  -0.0595895  -0.0595895
287  -0.0599904  -0.0599904
288  -0.0603773  -0.0603773
289  -0.0607494  -0.0607494
290  -0.0611061  -0.0611061
291  -0.0614467  -0.0614467
292  -0.0617706  -0.0617706
293  -0.0620771  -0.0620771
294  -0.0623654  -0.0623654
295  -0.0626348  -0.0626348
296  -0.0628845  -0.0628845
297  -0.0631139  -0.0631139
298  -0.0633221  -0.0633221
299  -0.0635084  -0.0635084
300  -0.063672  -0.063672
301  -0.063812  -0.063812
302  -0.0639277  -0.0639277
303  -0.0640182  -0.0640182
304  -0.0640826  -0.0640826
305  -0.0641202  -0.0641202
306  -0.0641299  -0.0641299
307  -0.064111  -0.064111
308  -0.0640625  -0.0640625
309  -0.0639836  -0.0639836
310  -0.0638732  -0.0638732
311  -0.0637304  -0.0637304
312  -0.0635543  -0.0635543
313  -0.0633439  -0.0633439
314  -0.0630982  -0.0630982
315  -0.0628162  -0.0628162
316  -0.0624969  -0.0624969
317  -0.0621393  -0.0621393
318  -0.0617424  -0.0617424
319  -0.061305  -0.061305
320  -0.0608262  -0.0608262
321  -0.0603048  -0.0603048
322  -0.0597398  -0.0597398
323  -0.0591301  -0.0591301
324  -0.0584745  -0.0584745
325  -0.0577719  -0.0577719
326  -0.0570213  -0.0570213
327  -0.0562213  -0.0562213
328  -0.055371  -0.055371
329  -0.0544691  -0.0544691
330  -0.0535144  -0.0535144
331  -0.0525057  -0.0525057
332  -0.0514419  -0.0514419
333  -0.0503218  -0.0503218
334  -0.049144  -0.049144
335  -0.0479074  -0.0479074
336  -0.0466107  -0.0466107
337  -0.0452527  -0.0452527
338  -0.0438321  -0.0438321
339  -0.0423477  -0.0423477
340  -0.0407981  -0.0407981
341  -0.0391822  -0.0391822
342  -0.0374985  -0.0374985
343  -0.0357458  -0.0357458
344  -0.0339228  -0.0339228
345  -0.0320282  -0.0320282
346  -0.0300606  -0.0300606
347  -0.0280188  -0.0280188
348  -0.0259014  -0.0259014
349  -0.023707  -0.023707
350  -0.0214343  -0.0214343
351  -0.0190821  -0.0190821
352  -0.0166489  -0.0166489
353  -0.0141333  -0.0141333
354  -0.0115341  -0.0115341
355  -0.00884992  -0.00884992
356  -0.00607932  -0.00607932
357  -0.00322099  -0.00322099
358  -0.000273571  -0.000273571
359  0.0027643  0.0027643
360  0.00589398  0.00589398
361  0.00911682  0.00911682
362  0.0124342  0.0124342
363  0.0158474  0.0158474
364  0.0193579  0.0193579
365  0.0229669  0.0229669
366  0.0266758  0.0266758
367  0.030486  0.030486
368  0.0343987  0.0343987
369  0.0384154  0.0384154
370  0.0425372  0.0425372
371  0.0467657  0.0467657
372  0.0511019  0.0511019
373  0.0555473  0.0555473
374  0.0601032  0.0601032
375  0.0647707  0.0647707
376  0.0695512  0.0695512
377  0.0744459  0.0744459
378  0.0794561  0.0794561
379  0.084583  0.084583
380  0.0898278  0.0898278
381  0.0951918  0.0951918
382  0.100676  0.100676
383  0.106282  0.106282
384  0.11201  0.11201
385  0.117862  0.117862
386  0.123839  0.123839
387  0.129942  0.129942
388  0.136172  0.136172
389  0.14253  0.14253
390  0.149018  0.149018
391  0.155635  0.155635
392  0.162384  0.162384
393  0.169265  0.169265
394  0.176279  0.176279
395  0.183427  0.183427
396  0.19071  0.19071
397  0.198129  0.198129
398  0.205684  0.205684
399  0.213377  0.213377
400  0.221208  0.221208
401  0.229178  0.229178
402  0.237287  0.237287
403  0.245537  0.245537
404  0.253928  0.253928
405  0.262461  0.262461
406  0.271136  0.271136
407  0.279953  0.279953
408  0.288914  0.288914
409  0.298019  0.298019
410  0.307268  0.307268
411  0.316661  0.316661
412  0.326199  0.326199
413  0.335883  0.335883
414  0.345712  0.345712
415  0.355687  0.355687
416  0.365808  0.365808
417  0.376075  0.376075
418  0.386488  0.386488
419  0.397047  0.397047
420  0.407753  0.407753
421  0.418604  0.418604
422  0.429602  0.429602
423  0.440746  0.440746
424  0.452036  0.452036
425  0.463472  0.463472
426  0.475052  0.475052
427  0.486778  0.486778
428  0.498648  0.498648
429  0.510662  0.510662
430  0.52282  0.52282
431  0.535121  0.535121
432  0.547565  0.547565
433  0.56015  0.56015
434  0.572876  0.572876
435  0.585743  0.585743
436  0.598748  0.598748
437  0.611893  0.611893
438  0.625175  0.625175
439  0.638594  0.638594
440  0.652148  0.652148
441  0.665837  0.665837
442  0.679658  0.679658
443  0.693612  0.693612
444  0.707696  0.707696
445  0.72191  0.72191
446  0.736251  0.736251
447  0.750718  0.750718
448  0.765311  0.765311
449  0.780026  0.780026
450  0.794862  0.794862
451  0.809818  0.809818
452  0.824892  0.824892
453  0.840082  0.840082
454  0.855385  0.855385
455  0.870801  0.870801
456  0.886326  0.886326
457  0.901958  0.901958
458  0.917696  0.917696
459  0.933537  0.933537
460  0.949479  0.949479
461  0.965519  0.965519
462  0.981654  0.981654
463  0.997883  0.997883
464  1.0142  1.0142
465  1.03061  1.03061
466  1.0471  1.0471
467  1.06368  1.06368
468  1.08033  1.08033
469  1.09706  1.09706
470  1.11386  1.11386
471  1.13074  1.13074
472  1.14768  1.14768
473  1.16468  1.16468
474  1.18175  1.18175
475  1.19887  1.19887
476  1.21605  1.21605
477  1.23328  1.23328
478  1.25055  1.25055
479  1.26787  1.26787
480  1.28522  1.28522
481  1.30261  1.30261
482  1.32004  1.32004
483  1.33749  1.33749
484  1.35496  1.35496
485  1.37246  1.37246
486  1.38997  1.38997
487  1.4075  1.4075
488  1.42503  1.42503
489  1.44256  1.44256
490  1.4601  1.4601
491  1.47763  1.47763
492  1.49515  1.49515
493  1.51266  1.51266
494  1.53015  1.53015
495  1.54761  1.54761
496  1.56505  1.56505
497  1.58246  1.58246
498  1.59983  1.59983
499  1.61716  1.61716
500  1.63444  1.63444
501  1.65168  1.65168
502  1.66885  1.66885
503  1.68597  1.68597
504  1.70302  1.70302
505  1.72  1.72
506  1.73691  1.73691
507  1.75373  1.75373
508  1.77047  1.77047
509  1.78712  1.78712
510  1.80367  1.80367
511  1.82012  1.82012
512  1.83647  1.83647
513  1.8527  1.8527
514  1.86882  1.86882
515  1.88482  1.88482
516  1.90069  1.90069
517  1.91642  1.91642
518  1.93202  1.93202
519  1.94748  1.94748
520  1.96279  1.96279
521  1.97794  1.97794
522  1.99293  1.99293
523  2.00776  2.00776
524  2.02242  2.02242
525  2.03691  2.03691
526  2.05121  2.05121
527  2.06533  2.06533
528  2.07926  2.07926
529  2.09299  2.09299
530  2.10652  2.10652
531  2.11984  2.11984
532  2.13295  2.13295
533  2.14584  2.14584
534  2.1585  2.1585
535  2.17094  2.17094
536  2.18314  2.18314
537  2.19511  2.19511
538  2.20683  2.20683
539  2.21829  2.21829
540  2.22951  2.22951
541  2.24046  2.24046
542  2.25115  2.25115
543  2.26157  2.26157
544  2.27171  2.27171
545  2.28157  2.28157
546  2.29115  2.29115
547  2.30043  2.30043
548  2.30942  2.30942
549  2.31811  2.31811
550  2.32649  2.32649
551  2.33456  2.33456
552  2.34232  2.34232
553  2.34976  2.34976
554  2.35688  2.35688
555  2.36366  2.36366
556  2.37012  2.37012
557  2.37623  2.37623
558  2.38201  2.38201
559  2.38743  2.38743
560  2.39251  2.39251
561  2.39723  2.39723
562  2.4016  2.4016
563  2.4056  2.4056
564  2.40924  2.40924
565  2.4125  2.4125
566  2.41539  2.41539
567  2.4179  2.4179
568  2.42004  2.42004
569  2.42178  2.42178
570  2.42314  2.42314
571  2.42411  2.42411
572  2.42468  2.42468
573  2.42485  2.42485
574  2.42463  2.42463
575  2.424  2.424
576  2.42296  2.42296
577  2.42151  2.42151
578  2.41965  2.41965
579  2.41738  2.41738
580  2.41469  2.41469
581  2.41158  2.41158
582  2.40805  2.40805
583  2.40409  2.40409
584  2.39971  2.39971
585  2.39491  2.39491
586  2.38967  2.38967
587  2.384  2.384
588  2.3779  2.3779
589  2.37137  2.37137
590  2.3644  2.3644
591  2.35699  2.35699
592  2.34915  2.34915
593  2.34087  2.34087
594  2.33215  2.33215
595  2.323  2.323
596  2.3134  2.3134
597  2.30336  2.30336
598  2.29288  2.29288
599  2.28196  2.28196
600  2.27061  2.27061
601  2.25881  2.25881
602  2.24657  2.24657
603  2.23389  2.23389
604  2.22077  2.22077
605  2.20721  2.20721
606  2.19322  2.19322
607  2.17879  2.17879
608  2.16392  2.16392
609  2.14862  2.14862
610  2.13289  2.13289
611  2.11672  2.11672
612  2.10013  2.10013
613  2.0831  2.0831
614  2.06566  2.06566
615  2.04778  2.04778
616  2.02949  2.02949
617  2.01077  2.01077
618  1.99164  1.99164
619  1.97209  1.97209
620  1.95214  1.95214
621  1.93177  1.93177
622  1.911  1.911
623  1.88982  1.88982
624  1.86824  1.86824
625  1.84627  1.84627
626  1.82391  1.82391
627  1.80115  1.80115
628  1.77801  1.77801
629  1.75449  1.75449
630  1.7306  1.7306
631  1.70633  1.70633
632  1.68169  1.68169
633  1.65668  1.65668
634  1.63132  1.63132
635  1.6056  1.6056
636  1.57953  1.57953
637  1.55311  1.55311
638  1.52636  1.52636
639  1.49926  1.49926
640  1.47184  1.47184
641  1.4441  1.4441
642  1.41603  1.41603
643  1.38765  1.38765
644  1.35896  1.35896
645  1.32997  1.32997
646  1.30069  1.30069
647  1.27111  1.27111
648  1.24125  1.24125
649  1.21111  1.21111
650  1.1807  1.1807
651  1.15002  1.15002
652  1.11909  1.11909
653  1.0879  1.0879
654  1.05647  1.05647
655  1.0248  1.0248
656  0.992892  0.992892
657  0.960763  0.960763
658  0.928416  0.928416
659  0.895859  0.895859
660  0.863097  0.863097
661  0.830139  0.830139
662  0.796992  0.796992
663  0.763663  0.763663
664  0.730159  0.730159
665  0.696489  0.696489
666  0.662659  0.662659
667  0.628677  0.628677
668  0.594551  0.594551
669  0.560289  0.560289
670  0.525898  0.525898
671  0.491387  0.491387
672  0.456762  0.456762
673  0.422032  0.422032
674  0.387206  0.387206
675  0.35229  0.35229
676  0.317293  0.317293
677  0.282223  0.282223
678  0.247087  0.247087
679  0.211895  0.211895
680  0.176654  0.176654
681  0.141372  0.141372
682  0.106058  0.106058
683  0.0707187  0.0707187
684  0.0353634  0.0353634
685  -0  -0
686  -0.0353634  -0.0353634
687  -0.0707187  -0.0707187
688  -0.106058  -0.106058
689  -0.141372  -0.141372
690  -0.176654  -0.176654
691  -0.211895  -0.211895
692  -0.247087  -0.247087
693  -0.282223  -0.282223
694  -0.317293  -0.317293
695  -0.35229  -0.35229
696  -0.387206  -0.387206
697  -0.422032  -0.422032
698  -0.456762  -0.456762
699  -0.491387  -0.491387
700  -0.525898  -0.525898
701  -0.560289  -0.560289
702  -0.594551  -0.594551
703  -0.628677  -0.628677
704  -0.662659  -0.662659
705  -0.696489  -0.696489
706  -0.730159  -0.730159
707  -0.763663  -0.763663
708  -0.796992  -0.796992
709  -0.830139  -0.830139
710  -0.863097  -0.863097
711  -0.895859  -0.895859
712  -0.928416  -0.928416
713  -0.960763  -0.960763
714  -0.992892  -0.992892
715  -1.0248  -1.0248
716  -1.05647  -1.05647
717  -1.0879  -1.0879
718  -1.11909  -1.11909
719  -1.15002  -1.15002
720  -1.1807  -1.1807
721  -1.21111  -1.21111
722  -1.24125  -1.24125
723  -1.27111  -1.27111
724  -1.30069  -1.30069
725  -1.32997  -1.32997
726  -1.35896  -1.35896
727  -1.38765  -1.38765
728  -1.41603  -1.41603
729  -1.4441  -1.4441
730  -1.47184  -1.47184
731  -1.49926  -1.49926
732  -1.52636  -1.52636
733  -1.55311  -1.55311
734  -1.57953  -1.57953
735  -1.6056  -1.6056
736  -1.63132  -1.63132
737  -1.65668  -1.65668
738  -1.68169  -1.68169
739  -1.70633  -1.70633
740  -1.7306  -1.7306
741  -1.75449  -1.75449
742  -1.77801  -1.77801
743  -1.80115  -1.80115
744  -1.82391  -1.82391
745  -1.84627  -1.84627
746  -1.86824  -1.86824
747  -1.88982  -1.88982
748  -1.911  -1.911
749  -1.93177  -1.93177
750  -1.95214  -1.95214
751  -1.97209  -1.97209
752  -1.99164  -1.99164
753  -2.01077  -2.01077
754  -2.02949  -2.02949
755  -2.04778  -2.04778
756  -2.06566  -2.06566
757  -2.0831  -2.0831
758  -2.10013  -2.10013
759  -2.11672  -2.11672
760  -2.13289  -2.13289
761  -2.14862  -2.14862
762  -2.16392  -2.16392
763  -2.17879  -2.17879
764  -2.19322  -2.19322
765  -2.20721  -2.20721
766  -2.22077  -2.22077
767  -2.23389  -2.23389
768  -2.24657  -2.24657
769  -2.25881  -2.25881
770  -2.27061  -2.27061
771  -2.28196  -2.28196
772  -2.29288  -2.29288
773  -2.30336  -2.30336
774  -2.3134  -2.3134
775  -2.323  -2.323
776  -2.33215  -2.33215
777  -2.34087  -2.34087
778  -2.34915  -2.34915
779  -2.35699  -2.35699
780  -2.3644  -2.3644
781  -2.37137  -2.37137
782  -2.3779  -2.3779
783  -2.384  -2.384
784  -2.38967  -2.38967
785  -2.39491  -2.39491
786  -2.39971  -2.39971
787  -2.40409  -2.40409
788  -2.40805  -2.40805
789  -2.41158  -2.41158
790  -2.41469  -2.41469
791  -2.41738  -2.41738
792  -2.41965  -2.41965
793  -2.42151  -2.42151
794  -2.42296  -2.42296
795  -2.424  -2.424
796  -2.42463  -2.42463
797  -2.42485  -2.42485
798  -2.42468  -2.42468
799  -2.42411  -2.42411
800  -2.42314  -2.42314
801  -2.42178  -2.42178
802  -2.42004  -2.42004
803  -2.4179  -2.4179
804  -2.41539  -2.41539
805  -2.4125  -2.4125
806  -2.40924  -2.40924
807  -2.4056  -2.4056
808  -2.4016  -2.4016
809  -2.39723  -2.39723
810  -2.39251  -2.39251
811  -2.38743  -2.38743
812  -2.38201  -2.38201
813  -2.37623  -2.37623
814  -2.37012  -2.37012
815  -2.36366  -2.36366
816  -2.35688  -2.35688
817  -2.34976  -2.34976
818  -2.34232  -2.34232
819  -2.33456  -2.33456
820  -2.32649  -2.32649
821  -2.31811  -2.31811
822  -2.30942  -2.30942
823  -2.30043  -2.30043
824  -2.29115  -2.29115
825  -2.28157  -2.28157
826  -2.27171  -2.27171
827  -2.26157  -2.26157
828  -2.25115  -2.25115
829  -2.24046  -2.24046
830  -2.22951  -2.22951
831  -2.21829  -2.21829
832  -2.20683  -2.20683
833  -2.19511  -2.19511
834  -2.18314  -2.18314
835  -2.17094  -2.17094
836  -2.1585  -2.1585
837  -2.14584  -2.14584
838  -2.13295  -2.13295
839  -2.11984  -2.11984
840  -2.10652  -2.10652
841  -2.09299  -2.09299
842  -2.07926  -2.07926
843  -2.06533  -2.06533
844  -2.05121  -2.05121
845  -2.03691  -2.03691
846  -2.02242  -2.02242
847  -2.00776  -2.00776
848  -1.99293  -1.99293
849  -1.97794  -1.97794
850  -1.96279  -1.96279
851  -1.94748  -1.94748
852  -1.93202  -1.93202
853  -1.91642  -1.91642
854  -1.90069  -1.90069
855  -1.88482  -1.88482
856  -1.86882  -1.86882
857  -1.8527  -1.8527
858  -1.83647  -1.83647
859  -1.82012  -1.82012
860  -1.80367  -1.80367
861  -1.78712  -1.78712
862  -1.77047  -1.77047
863  -1.75373  -1.75373
864  -1.73691  -1.73691
865  -1.72  -1.72
866  -1.70302  -1.70302
867  -1.68597  -1.68597
868  -1.66885  -1.66885
869  -1.65168  -1.65168
870  -1.63444  -1.63444
871  -1.61716  -1.61716
872  -1.59983  -1.59983
873  -1.58246  -1.58246
874  -1.56505  -1.56505
875  -1.54761  -1.54761
876  -1.53015  -1.53015
877  -1.51266  -1.51266
878  -1.49515  -1.49515
879  -1.47763  -1.47763
880  -1.4601  -1.4601
881  -1.44256  -1.44256
882  -1.42503  -1.42503
883  -1.4075  -1.4075
884  -1.38997  -1.38997
885  -1.37246  -1.37246
886  -1.35496  -1.35496
887  -1.33749  -1.33749
888  -1.32004  -1.32004
889  -1.30261  -1.30261
890  -1.28522  -1.28522
891  -1.26787  -1.26787
892  -1.25055  -1.25055
893  -1.23328  -1.23328
894  -1.21605  -1.21605
895  -1.19887  -1.19887
896  -1.18175  -1.18175
897  -1.16468  -1.16468
898  -1.14768  -1.14768
899  -1.13074  -1.13074
900  -1.11386  -1.11386
901  -1.09706  -1.09706
902  -1.08033  -1.08033
903  -1.06368  -1.06368
904  -1.0471  -1.0471
905  -1.03061  -1.03061
906  -1.0142  -1.0142
907  -0.997883  -0.997883
908  -0.981654  -0.981654
909  -0.965519  -0.965519
910  -0.949479  -0.949479
911  -0.933537  -0.933537
912  -0.917696  -0.917696
913  -0.901958  -0.901958
914  -0.886326  -0.886326
915  -0.870801  -0.870801
916  -0.855385  -0.855385
917  -0.840082  -0.840082
918  -0.824892  -0.824892
919  -0.809818  -0.809818
920  -0.794862  -0.794862
921  -0.780026  -0.780026
922  -0.765311  -0.765311
923  -0.750718  -0.750718
924  -0.736251  -0.736251
925  -0.72191  -0.72191
926  -0.707696  -0.707696
927  -0.693612  -0.693612
928  -0.679658  -0.679658
929  -0.665837  -0.665837
930  -0.652148  -0.652148
931  -0.638594  -0.638594
932  -0.625175  -0.625175
933  -0.611893  -0.611893
934  -0.598748  -0.598748
935  -0.585743  -0.585743
936  -0.572876  -0.572876
937  -0.56015  -0.56015
938  -0.547565  -0.547565
939  -0.535121  -0.535121
940  -0.52282  -0.52282
941  -0.510662  -0.510662
942  -0.498648  -0.498648
943  -0.486778  -0.486778
944  -0.475052  -0.475052
945  -0.463472  -0.463472
946  -0.452036  -0.452036
947  -0.440746  -0.440746
948  -0.429602  -0.429602
949  -0.418604  -0.418604
950  -0.407753  -0.407753
951  -0.397047  -0.397047
952  -0.386488  -0.386488
953  -0.376075  -0.376075
954  -0.365808  -0.365808
955  -0.355687  -0.355687
956  -0.345712  -0.345712
957  -0.335883  -0.335883
958  -0.326199  -0.326199
959  -0.316661  -0.316661
960  -0.307268  -0.307268
961  -0.298019  -0.298019
962  -0.288914  -0.288914
963  -0.279953  -0.279953
964  -0.271136  -0.271136
965  -0.262461  -0.262461
966  -0.253928  -0.253928
967  -0.245537  -0.245537
968  -0.237287  -0.237287
969  -0.229178  -0.229178
970  -0.221208  -0.221208
971  -0.213377  -0.213377
972  -0.205684  -0.205684
973  -0.198129  -0.198129
974  -0.19071  -0.19071
975  -0.183427  -0.183427
976  -0.176279  -0.176279
977  -0.169265  -0.169265
978  -0.162384  -0.162384
979  -0.155635  -0.155635
980  -0.149018  -0.149018
981  -0.14253  -0.14253
982  -0.136172  -0.136172
983  -0.129942  -0.129942
984  -0.123839  -0.123839
985  -0.117862  -0.117862
986  -0.11201  -0.11201
987  -0.106282  -0.106282
988  -0.100676  -0.100676
989  -0.0951918  -0.0951918
990  -0.0898278  -0.0898278
991  -0.084583  -0.084583
992  -0.0794561  -0.0794561
993  -0.0744459  -0.0744459
994  -0.0695512  -0.0695512
995  -0.0647707  -0.0647707
996  -0.0601032  -0.0601032
997  -0.0555473  -0.0555473
998  -0.0511019  -0.0511019
999  -0.0467657  -0.0467657
1000  -0.0425372  -0.0425372
1001  -0.0384154  -0.0384154
1002  -0.0343987  -0.0343987
1003  -0.030486  -0.030486
1004  -0.0266758  -0.0266758
1005  -0.0229669  -0.0229669
1006  -0.0193579  -0.0193579
1007  -0.0158474  -0.0158474
1008  -0.0124342  -0.0124342
1009  -0.00911682  -0.00911682
1010  -0.00589398  -0.00589398
1011  -0.0027643  -0.0027643
1012  0.000273571  0.000273571
1013  0.00322099  0.00322099
1014  0.00607932  0.00607932
1015  0.00884992  0.00884992
1016  0.0115341  0.0115341
1017  0.0141333  0.0141333
1018  0.0166489  0.0166489
1019  0.0190821  0.0190821
1020  0.0214343  0.0214343
1021  0.023707  0.023707
1022  0.0259014  0.0259014
1023  0.0280188  0.0280188
1024  0.0300606  0.0300606
1025  0.0320282  0.0320282
1026  0.0339228  0.0339228
1027  0.0357458  0.0357458
1028  0.0374985  0.0374985
1029  0.0391822  0.0391822
1030  0.0407981  0.0407981
1031  0.0423477  0.0423477
1032  0.0438321  0.0438321
1033  0.0452527  0.0452527
1034  0.0466107  0.0466107
1035  0.0479074  0.0479074
1036  0.049144  0.049144
1037  0.0503218  0.0503218
1038  0.0514419  0.0514419
1039  0.0525057  0.0525057
1040  0.0535144  0.0535144
1041  0.0544691  0.0544691
1042  0.055371  0.055371
1043  0.0562213  0.0562213
1044  0.0570213  0.0570213
1045  0.0577719  0.0577719
1046  0.0584745  0.0584745
1047  0.0591301  0.0591301
1048  0.0597398  0.0597398
1049  0.0603048  0.0603048
1050  0.0608262  0.0608262
1051  0.061305  0.061305
1052  0.0617424  0.0617424
1053  0.0621393  0.0621393
1054  0.0624969  0.0624969
1055  0.0628162  0.0628162
1056  0.0630982  0.0630982
1057  0.0633439  0.0633439
1058  0.0635543  0.0635543
1059  0.0637304  0.0637304
1060  0.0638732  0.0638732
1061  0.0639836  0.0639836
1062  0.0640625  0.0640625
1063  0.064111  0.064111
1064  0.0641299  0.0641299
1065  0.0641202  0.0641202
1066  0.0640826  0.0640826
1067  0.0640182  0.0640182
1068  0.0639277  0.0639277
1069  0.063812  0.063812
1070  0.063672  0.063672
1071  0.0635084  0.0635084
1072  0.0633221  0.0633221
1073  0.0631139  0.0631139
1074  0.0628845  0.0628845
1075  0.0626348  0.0626348
1076  0.0623654  0.0623654
1077  0.0620771  0.0620771
1078  0.0617706  0.0617706
1079  0.0614467  0.0614467
1080  0.0611061  0.0611061
1081  0.0607494  0.0607494
1082  0.0603773  0.0603773
1083  0.0599904  0.0599904
1084  0.0595895  0.0595895
1085  0.0591751  0.0591751
1086  0.0587479  0.0587479
1087  0.0583085  0.0583085
1088  0.0578574  0.0578574
1089  0.0573953  0.0573953
1090  0.0569227  0.0569227
1091  0.0564402  0.0564402
1092  0.0559483  0.0559483
1093  0.0554476  0.0554476
1094  0.0549385  0.0549385
1095  0.0544216  0.0544216
1096  0.0538973  0.0538973
1097  0.0533663  0.0533663
1098  0.0528288  0.0528288
1099  0.0522855  0.0522855
1100  0.0517367  0.0517367
1101  0.0511828  0.0511828
1102  0.0506243  0.0506243
1103  0.0500617  0.0500617
1104  0.0494953  0.0494953
1105  0.0489254  0.0489254
1106  0.0483526  0.0483526
1107  0.0477771  0.0477771
1108  0.0471993  0.0471993
1109  0.0466196  0.0466196
1110  0.0460383  0.0460383
1111  0.0454558  0.0454558
1112  0.0448723  0.0448723
1113  0.0442881  0.0442881
1114  0.0437037  0.0437037
1115  0.0431192  0.0431192
1116  0.0425349  0.0425349
1117  0.0419511  0.0419511
1118  0.0413681  0.0413681
1119  0.0407862  0.0407862
1120  0.0402055  0.0402055
1121  0.0396263  0.0396263
1122  0.0390488  0.0390488
1123  0.0384734  0.0384734
1124  0.0379  0.0379
1125  0.0373291  0.0373291
1126  0.0367607  0.0367607
1127  0.0361951  0.0361951
1128  0.0356324  0.0356324
1129  0.0350729  0.0350729
1130  0.0345166  0.0345166
1131  0.0339637  0.0339637
1132  0.0334145  0.0334145
1133  0.032869  0.032869
1134  0.0323273  0.0323273
1135  0.0317897  0.0317897
1136  0.0312562  0.0312562
1137  0.0307269  0.0307269
1138  0.030202  0.030202
1139  0.0296815  0.0296815
1140  0.0291657  0.0291657
1141  0.0286545  0.0286545
1142  0.028148  0.028148
1143  0.0276464  0.0276464
1144  0.0271497  0.0271497
1145  0.026658  0.026658
1146  0.0261714  0.0261714
1147  0.0256899  0.0256899
1148  0.0252136  0.0252136
1149  0.0247425  0.0247425
1150  0.0242767  0.0242767
1151  0.0238162  0.0238162
1152  0.0233611  0.0233611
1153  0.0229115  0.0229115
1154  0.0224672  0.0224672
1155  0.0220285  0.0220285
1156  0.0215952  0.0215952
1157  0.0211675  0.0211675
1158  0.0207453  0.0207453
1159  0.0203286  0.0203286
1160  0.0199175  0.0199175
1161  0.019512  0.019512
1162  0.0191121  0.0191121
1163  0.0187177  0.0187177
1164  0.0183289  0.0183289
1165  0.0179457  0.0179457
1166  0.017568  0.017568
1167  0.0171959  0.0171959
1168  0.0168294  0.0168294
1169  0.0164683  0.0164683
1170  0.0161128  0.0161128
1171  0.0157627  0.0157627
1172  0.0154181  0.0154181
1173  0.015079  0.015079
1174  0.0147453  0.0147453
1175  0.014417  0.014417
1176  0.014094  0.014094
1177  0.0137763  0.0137763
1178  0.013464  0.013464
1179  0.0131569  0.0131569
1180  0.012855  0.012855
1181  0.0125583  0.0125583
1182  0.0122668  0.0122668
1183  0.0119803  0.0119803
1184  0.011699  0.011699
1185  0.0114226  0.0114226
1186  0.0111512  0.0111512
1187  0.0108848  0.0108848
1188  0.0106232  0.0106232
1189  0.0103664  0.0103664
1190  0.0101145  0.0101145
1191  0.00986728  0.00986728
1192  0.00962476  0.00962476
1193  0.00938688  0.00938688
1194  0.00915358  0.00915358
1195  0.00892482  0.00892482
1196  0.00870054  0.00870054
1197  0.00848068  0.00848068
1198  0.00826521  0.00826521
1199  0.00805406  0.00805406
1200  0.00784718  0.00784718
1201  0.00764451  0.00764451
1202  0.007446  0.007446
1203  0.00725159  0.00725159
1204  0.00706123  0.00706123
1205  0.00687487  0.00687487
1206  0.00669245  0.00669245
1207  0.00651391  0.00651391
1208  0.00633919  0.00633919
1209  0.00616825  0.00616825
1210  0.00600103  0.00600103
1211  0.00583746  0.00583746
1212  0.0056775  0.0056775
1213  0.00552109  0.00552109
1214  0.00536817  0.00536817
1215  0.0052187  0.0052187
1216  0.0050726  0.0050726
1217  0.00492984  0.00492984
1218  0.00479035  0.00479035
1219  0.00465408  0.00465408
1220  0.00452098  0.00452098
1221  0.004391  0.004391
1222  0.00426407  0.00426407
1223  0.00414015  0.00414015
1224  0.00401919  0.00401919
1225  0.00390112  0.00390112
1226  0.00378591  0.00378591
1227  0.0036735  0.0036735
1228  0.00356383  0.00356383
1229  0.00345686  0.00345686
1230  0.00335254  0.00335254
1231  0.00325081  0.00325081
1232  0.00315163  0.00315163
1233  0.00305496  0.00305496
1234  0.00296073  0.00296073
1235  0.0028689  0.0028689
1236  0.00277944  0.00277944
1237  0.00269228  0.00269228
1238  0.00260738  0.00260738
1239  0.0025247  0.0025247
1240  0.00244419  0.00244419
1241  0.00236582  0.00236582
1242  0.00228952  0.00228952
1243  0.00221526  0.00221526
1244  0.002143  0.002143
1245  0.0020727  0.0020727
1246  0.00200431  0.00200431
1247  0.00193779  0.00193779
1248  0.0018731  0.0018731
1249  0.0018102  0.0018102
1250  0.00174906  0.00174906
1251  0.00168962  0.00168962
1252  0.00163187  0.00163187
1253  0.00157574  0.00157574
1254  0.00152122  0.00152122
1255  0.00146826  0.00146826
1256  0.00141683  0.00141683
1257  0.00136688  0.00136688
1258  0.0013184  0.0013184
1259  0.00127133  0.00127133
1260  0.00122566  0.00122566
1261  0.00118134  0.00118134
1262  0.00113834  0.00113834
1263  0.00109663  0.00109663
1264  0.00105619  0.00105619
1265  0.00101697  0.00101697
1266  0.000978946  0.000978946
1267  0.000942093  0.000942093
1268  0.000906379  0.000906379
1269  0.000871775  0.000871775
1270  0.000838254  0.000838254
1271  0.000805786  0.000805786
1272  0.000774347  0.000774347
1273  0.000743907  0.000743907
1274  0.000714443  0.000714443
1275  0.000685928  0.000685928
1276  0.000658337  0.000658337
1277  0.000631645  0.000631645
1278  0.000605829  0.000605829
1279  0.000580865  0.000580865
1280  0.00055673  0.00055673
1281  0.000533402  0.000533402
1282  0.000510858  0.000510858
1283  0.000489076  0.000489076
1284  0.000468036  0.000468036
1285  0.000447717  0.000447717
1286  0.000428098  0.000428098
1287  0.000409161  0.000409161
1288  0.000390884  0.000390884
1289  0.00037325  0.00037325
1290  0.00035624  0.00035624
1291  0.000339836  0.000339836
1292  0.00032402  0.00032402
1293  0.000308776  0.000308776
1294  0.000294085  0.000294085
1295  0.000279932  0.000279932
1296  0.0002663  0.0002663
1297  0.000253174  0.000253174
1298  0.000240539  0.000240539
1299  0.00022838  0.00022838
1300  0.000216681  0.000216681
1301  0.000205429  0.000205429
1302  0.000194611  0.000194611
1303  0.000184211  0.000184211
1304  0.000174218  0.000174218
1305  0.000164619  0.000164619
1306  0.0001554  0.0001554
1307  0.00014655  0.00014655
1308  0.000138056  0.000138056
1309  0.000129908  0.000129908
1310  0.000122094  0.000122094
1311  0.000114603  0.000114603
1312  0.000107424  0.000107424
1313  0.000100547  0.000100547
1314  9.3962e-05  9.3962e-05
1315  8.76588e-05  8.76588e-05
1316  8.16279e-05  8.16279e-05
1317  7.58601e-05  7.58601e-05
1318  7.03463e-05  7.03463e-05
1319  6.50777e-05  6.50777e-05
1320  6.00458e-05  6.00458e-05
1321  5.52422e-05  5.52422e-05
1322  5.06589e-05  5.06589e-05
1323  4.6288e-05  4.6288e-05
1324  4.2122e-05  4.2122e-05
1325  3.81534e-05  3.81534e-05
1326  3.4375e-05  3.4375e-05
1327  3.078e-05  3.078e-05
1328  2.73614e-05  2.73614e-05
1329  2.41128e-05  2.41128e-05
1330  2.10279e-05  2.10279e-05
1331  1.81003e-05  1.81003e-05
1332  1.53242e-05  1.53242e-05
1333  1.26938e-05  1.26938e-05
1334  1.02034e-05  1.02034e-05
1335  7.84755e-06  7.84755e-06
1336  5.62105e-06  5.62105e-06
1337  3.51875e-06  3.51875e-06
1338  1.53572e-06  1.53572e-06
1339  -3.32852e-07  -3.32852e-07
1340  -2.09158e-06  -2.09158e-06
1341  -3.74497e-06  -3.74497e-06
1342  -5.29735e-06  -5.29735e-06
1343  -6.75291e-06  -6.75291e-06
1344  -8.11572e-06  -8.11572e-06
1345  -9.3897e-06  -9.3897e-06
1346  -1.05787e-05  -1.05787e-05
1347  -1.16862e-05  -1.16862e-05
1348  -1.2716e-05  -1.2716e-05
1349  -1.36713e-05  -1.36713e-05
1350  -1.45555e-05  -1.45555e-05
1351  -1.53719e-05  -1.53719e-05
1352  -1.61233e-05  -1.61233e-05
1353  -1.68129e-05  -1.68129e-05
1354  -1.74435e-05  -1.74435e-05
1355  -1.80178e-05  -1.80178e-05
1356  -1.85386e-05  -1.85386e-05
1357  -1.90083e-05  -1.90083e-05
1358  -1.94295e-05  -1.94295e-05
1359  -1.98045e-05  -1.98045e-05
1360  -2.01356e-05  -2.01356e-05
1361  -2.04251e-05  -2.04251e-05
1362  -2.0675e-05  -2.0675e-05
1363  -2.08874e-05  -2.08874e-05
1364  -2.10643e-05  -2.10643e-05
1365  -2.12076e-05  -2.12076e-05
1366  -2.1319e-05  -2.1319e-05
1367  -2.14004e-05  -2.14004e-05
1368  -2.14533e-05  -2.14533e-05
1369  -2.14795e-05  -2.14795e-05
1370  -2.14805e-05  -2.14805e-05
