0.000000000000000000e+00
1.534883720930232780e-02
3.069767441860465559e-02
4.604651162790698166e-02
6.139534883720931119e-02
7.674418604651163378e-02
9.209302325581396331e-02
1.074418604651162928e-01
1.227906976744186224e-01
1.381395348837209380e-01
1.534883720930232676e-01
1.688372093023255693e-01
1.841860465116279266e-01
1.995348837209302284e-01
2.148837209302325857e-01
2.302325581395348875e-01
2.455813953488372448e-01
2.609302325581395743e-01
2.762790697674418761e-01
2.916279069767442333e-01
3.069767441860465351e-01
3.223255813953488369e-01
3.376744186046511387e-01
3.530232558139535515e-01
3.683720930232558533e-01
3.837209302325581550e-01
3.990697674418604568e-01
4.144186046511628696e-01
4.297674418604651714e-01
4.451162790697674176e-01
4.604651162790697749e-01
4.758139534883721322e-01
4.911627906976744895e-01
5.065116279069767913e-01
5.218604651162791486e-01
5.372093023255815059e-01
5.525581395348837521e-01
5.679069767441861094e-01
5.832558139534884667e-01
5.986046511627907130e-01
6.139534883720930702e-01
6.293023255813954275e-01
6.446511627906976738e-01
6.600000000000000311e-01
6.753488372093022774e-01
6.906976744186047457e-01
7.060465116279071029e-01
7.213953488372093492e-01
7.367441860465117065e-01
7.520930232558140638e-01
7.674418604651163101e-01
7.827906976744186673e-01
7.981395348837209136e-01
8.134883720930233819e-01
8.288372093023257392e-01
8.441860465116279855e-01
8.595348837209303428e-01
8.748837209302327000e-01
8.902325581395348353e-01
9.055813953488373036e-01
9.209302325581395499e-01
9.362790697674419071e-01
9.516279069767442644e-01
9.669767441860465107e-01
9.823255813953489790e-01
9.976744186046513363e-01
1.013023255813953583e+00
1.028372093023255829e+00
1.043720930232558297e+00
1.059069767441860765e+00
1.074418604651163012e+00
1.089767441860465258e+00
1.105116279069767504e+00
1.120465116279069751e+00
1.135813953488372219e+00
1.151162790697674465e+00
1.166511627906976933e+00
1.181860465116278958e+00
1.197209302325581426e+00
1.212558139534883894e+00
1.227906976744186140e+00
1.243255813953488609e+00
1.258604651162790855e+00
1.273953488372093101e+00
1.289302325581395348e+00
1.304651162790697816e+00
1.320000000000000062e+00
1.335348837209302530e+00
1.350697674418604555e+00
1.366046511627907023e+00
1.381395348837209491e+00
1.396744186046511738e+00
1.412093023255814206e+00
1.427441860465116230e+00
1.442790697674418698e+00
1.458139534883721167e+00
1.473488372093023413e+00
1.488837209302325659e+00
1.504186046511628128e+00
1.519534883720930152e+00
1.534883720930232620e+00
1.550232558139535088e+00
1.565581395348837335e+00
1.580930232558139803e+00
1.596279069767441827e+00
1.611627906976744296e+00
1.626976744186046764e+00
1.642325581395349010e+00
1.657674418604651478e+00
1.673023255813953503e+00
1.688372093023255971e+00
1.703720930232558439e+00
1.719069767441860686e+00
1.734418604651163154e+00
1.749767441860465400e+00
1.765116279069767646e+00
1.780465116279069671e+00
1.795813953488372139e+00
1.811162790697674607e+00
1.826511627906976631e+00
1.841860465116279100e+00
1.857209302325581346e+00
1.872558139534883814e+00
1.887906976744186283e+00
1.903255813953488529e+00
1.918604651162790775e+00
1.933953488372093021e+00
1.949302325581395490e+00
1.964651162790697958e+00
1.980000000000000204e+00
1.995348837209302673e+00
2.010697674418604919e+00
2.026046511627907165e+00
2.041395348837209855e+00
2.056744186046511658e+00
2.072093023255814348e+00
2.087441860465116594e+00
2.102790697674418841e+00
2.118139534883721531e+00
2.133488372093023333e+00
2.148837209302326023e+00
2.164186046511627826e+00
2.179534883720930516e+00
2.194883720930232318e+00
2.210232558139535008e+00
2.225581395348837255e+00
2.240930232558139501e+00
2.256279069767442191e+00
2.271627906976744438e+00
2.286976744186046684e+00
2.302325581395348930e+00
2.317674418604651176e+00
2.333023255813953867e+00
2.348372093023256113e+00
2.363720930232557915e+00
2.379069767441860606e+00
2.394418604651162852e+00
2.409767441860465098e+00
2.425116279069767788e+00
2.440465116279070035e+00
2.455813953488372281e+00
2.471162790697674971e+00
2.486511627906977218e+00
2.501860465116279464e+00
2.517209302325581710e+00
2.532558139534884400e+00
2.547906976744186203e+00
2.563255813953488449e+00
2.578604651162790695e+00
2.593953488372092941e+00
2.609302325581395632e+00
2.624651162790697878e+00
2.640000000000000124e+00
2.655348837209302815e+00
2.670697674418605061e+00
2.686046511627906863e+00
2.701395348837209109e+00
2.716744186046511800e+00
2.732093023255814046e+00
2.747441860465116292e+00
2.762790697674418983e+00
2.778139534883721229e+00
2.793488372093023475e+00
2.808837209302326166e+00
2.824186046511628412e+00
2.839534883720930658e+00
2.854883720930232460e+00
2.870232558139535151e+00
2.885581395348837397e+00
2.900930232558139643e+00
2.916279069767442333e+00
2.931627906976744580e+00
2.946976744186046826e+00
2.962325581395349072e+00
2.977674418604651319e+00
2.993023255813953565e+00
3.008372093023256255e+00
3.023720930232558057e+00
3.039069767441860304e+00
3.054418604651162994e+00
3.069767441860465240e+00
3.085116279069767931e+00
3.100465116279070177e+00
3.115813953488372867e+00
3.131162790697674669e+00
3.146511627906976916e+00
3.161860465116279606e+00
3.177209302325580964e+00
3.192558139534883654e+00
3.207906976744185901e+00
3.223255813953488591e+00
3.238604651162790837e+00
3.253953488372093528e+00
3.269302325581395330e+00
3.284651162790698020e+00
3.300000000000000266e+00
3.315348837209302957e+00
3.330697674418604315e+00
3.346046511627907005e+00
3.361395348837209252e+00
3.376744186046511942e+00
3.392093023255814188e+00
3.407441860465116878e+00
3.422790697674418681e+00
3.438139534883721371e+00
3.453488372093023617e+00
3.468837209302326308e+00
3.484186046511628110e+00
3.499534883720930800e+00
3.514883720930232602e+00
3.530232558139535293e+00
3.545581395348837539e+00
3.560930232558139341e+00
3.576279069767442031e+00
3.591627906976744278e+00
3.606976744186046968e+00
3.622325581395349214e+00
3.637674418604651461e+00
3.653023255813953263e+00
3.668372093023256397e+00
3.683720930232558199e+00
3.699069767441860890e+00
3.714418604651162692e+00
3.729767441860465382e+00
3.745116279069767629e+00
3.760465116279070319e+00
3.775813953488372565e+00
3.791162790697675256e+00
3.806511627906977058e+00
3.821860465116279748e+00
3.837209302325581550e+00
3.852558139534884685e+00
3.867906976744186043e+00
3.883255813953488733e+00
3.898604651162790979e+00
3.913953488372093670e+00
3.929302325581395916e+00
3.944651162790697718e+00
3.960000000000000409e+00
3.975348837209302655e+00
3.990697674418605345e+00
4.006046511627906703e+00
4.021395348837209838e+00
4.036744186046512084e+00
4.052093023255814330e+00
4.067441860465116577e+00
4.082790697674419711e+00
4.098139534883721069e+00
4.113488372093023315e+00
4.128837209302325562e+00
4.144186046511628696e+00
4.159534883720930054e+00
4.174883720930233189e+00
4.190232558139535435e+00
4.205581395348837681e+00
4.220930232558139927e+00
4.236279069767443062e+00
4.251627906976744420e+00
4.266976744186046666e+00
4.282325581395348912e+00
4.297674418604652047e+00
4.313023255813953405e+00
4.328372093023255651e+00
4.343720930232558786e+00
4.359069767441861032e+00
4.374418604651163278e+00
4.389767441860464636e+00
4.405116279069767771e+00
4.420465116279070017e+00
4.435813953488372263e+00
4.451162790697674509e+00
4.466511627906976756e+00
4.481860465116279002e+00
4.497209302325582136e+00
4.512558139534884383e+00
4.527906976744186629e+00
4.543255813953488875e+00
4.558604651162791122e+00
4.573953488372093368e+00
4.589302325581395614e+00
4.604651162790697860e+00
4.620000000000000107e+00
4.635348837209302353e+00
4.650697674418605487e+00
4.666046511627907734e+00
4.681395348837209980e+00
4.696744186046512226e+00
4.712093023255814472e+00
4.727441860465115830e+00
4.742790697674418965e+00
4.758139534883721211e+00
4.773488372093023457e+00
4.788837209302325704e+00
4.804186046511627950e+00
4.819534883720930196e+00
4.834883720930233331e+00
4.850232558139535577e+00
4.865581395348837823e+00
4.880930232558140069e+00
4.896279069767441428e+00
4.911627906976744562e+00
4.926976744186046808e+00
4.942325581395349943e+00
4.957674418604651301e+00
4.973023255813954435e+00
4.988372093023255793e+00
5.003720930232558928e+00
5.019069767441860286e+00
5.034418604651163420e+00
5.049767441860465667e+00
5.065116279069768801e+00
5.080465116279070159e+00
5.095813953488372405e+00
5.111162790697674652e+00
5.126511627906976898e+00
5.141860465116280032e+00
5.157209302325581390e+00
5.172558139534884525e+00
5.187906976744185883e+00
5.203255813953489017e+00
5.218604651162791264e+00
5.233953488372094398e+00
5.249302325581395756e+00
5.264651162790698002e+00
5.280000000000000249e+00
5.295348837209302495e+00
5.310697674418605629e+00
5.326046511627907876e+00
5.341395348837210122e+00
5.356744186046512368e+00
5.372093023255813726e+00
5.387441860465116861e+00
5.402790697674418219e+00
5.418139534883721353e+00
5.433488372093023600e+00
5.448837209302326734e+00
5.464186046511628092e+00
5.479534883720931226e+00
5.494883720930232585e+00
5.510232558139535719e+00
5.525581395348837965e+00
5.540930232558139323e+00
5.556279069767442458e+00
5.571627906976743816e+00
5.586976744186046950e+00
5.602325581395349197e+00
5.617674418604652331e+00
5.633023255813953689e+00
5.648372093023256824e+00
5.663720930232558182e+00
5.679069767441861316e+00
5.694418604651162674e+00
5.709767441860464920e+00
5.725116279069768055e+00
5.740465116279070301e+00
5.755813953488372547e+00
5.771162790697674794e+00
5.786511627906977040e+00
5.801860465116279286e+00
5.817209302325582421e+00
5.832558139534884667e+00
5.847906976744186913e+00
5.863255813953489159e+00
5.878604651162790518e+00
5.893953488372093652e+00
5.909302325581395898e+00
5.924651162790698145e+00
5.940000000000000391e+00
5.955348837209302637e+00
5.970697674418604883e+00
5.986046511627907130e+00
6.001395348837209376e+00
6.016744186046512510e+00
6.032093023255814757e+00
6.047441860465116115e+00
6.062790697674419249e+00
6.078139534883720607e+00
6.093488372093023742e+00
6.108837209302325988e+00
6.124186046511629122e+00
6.139534883720930480e+00
6.154883720930232727e+00
6.170232558139535861e+00
6.185581395348838107e+00
6.200930232558140354e+00
6.216279069767441712e+00
6.231627906976745734e+00
6.246976744186047092e+00
6.262325581395349339e+00
6.277674418604651585e+00
6.293023255813953831e+00
6.308372093023256078e+00
6.323720930232559212e+00
6.339069767441860570e+00
6.354418604651161928e+00
6.369767441860465951e+00
6.385116279069767309e+00
6.400465116279070443e+00
6.415813953488371801e+00
6.431162790697675824e+00
6.446511627906977182e+00
6.461860465116279428e+00
6.477209302325581675e+00
6.492558139534884809e+00
6.507906976744187055e+00
6.523255813953488413e+00
6.538604651162790660e+00
6.553953488372094682e+00
6.569302325581396040e+00
6.584651162790698287e+00
6.600000000000000533e+00
6.615348837209303667e+00
6.630697674418605914e+00
6.646046511627907272e+00
6.661395348837208630e+00
6.676744186046512652e+00
6.692093023255814010e+00
6.707441860465117145e+00
6.722790697674418503e+00
6.738139534883720749e+00
6.753488372093023884e+00
6.768837209302326130e+00
6.784186046511628376e+00
6.799534883720930623e+00
6.814883720930233757e+00
6.830232558139536003e+00
6.845581395348837361e+00
6.860930232558139608e+00
6.876279069767442742e+00
6.891627906976744988e+00
6.906976744186047235e+00
6.922325581395348593e+00
6.937674418604652615e+00
6.953023255813953973e+00
6.968372093023256220e+00
6.983720930232558466e+00
6.999069767441861600e+00
7.014418604651163847e+00
7.029767441860465205e+00
7.045116279069767451e+00
7.060465116279070585e+00
7.075813953488372832e+00
7.091162790697675078e+00
7.106511627906977324e+00
7.121860465116278682e+00
7.137209302325582705e+00
7.152558139534884063e+00
7.167906976744187197e+00
7.183255813953488556e+00
7.198604651162792578e+00
7.213953488372093936e+00
7.229302325581395294e+00
7.244651162790698429e+00
7.260000000000000675e+00
7.275348837209302921e+00
7.290697674418605168e+00
7.306046511627906526e+00
7.321395348837210548e+00
7.336744186046512795e+00
7.352093023255814153e+00
7.367441860465116399e+00
7.382790697674419533e+00
7.398139534883721780e+00
7.413488372093024026e+00
7.428837209302325384e+00
7.444186046511629407e+00
7.459534883720930765e+00
7.474883720930233899e+00
7.490232558139535257e+00
7.505581395348836615e+00
7.520930232558140638e+00
7.536279069767441996e+00
7.551627906976745130e+00
7.566976744186046488e+00
7.582325581395350511e+00
7.597674418604651869e+00
7.613023255813954115e+00
7.628372093023255474e+00
7.643720930232559496e+00
7.659069767441860854e+00
7.674418604651163101e+00
7.689767441860465347e+00
7.705116279069769369e+00
7.720465116279070728e+00
7.735813953488372086e+00
7.751162790697675220e+00
7.766511627906977466e+00
7.781860465116280601e+00
7.797209302325581959e+00
7.812558139534883317e+00
7.827906976744187340e+00
7.843255813953488698e+00
7.858604651162791832e+00
7.873953488372093190e+00
7.889302325581395436e+00
7.904651162790698571e+00
7.920000000000000817e+00
7.935348837209302175e+00
7.950697674418605310e+00
7.966046511627907556e+00
7.981395348837210690e+00
7.996744186046512048e+00
8.012093023255813407e+00
8.027441860465117429e+00
8.042790697674419675e+00
8.058139534883721922e+00
8.073488372093024168e+00
8.088837209302326414e+00
8.104186046511628660e+00
8.119534883720930907e+00
8.134883720930233153e+00
8.150232558139535399e+00
8.165581395348839422e+00
8.180930232558139892e+00
8.196279069767442138e+00
8.211627906976746161e+00
8.226976744186046631e+00
8.242325581395348877e+00
8.257674418604651123e+00
8.273023255813953369e+00
8.288372093023257392e+00
8.303720930232559638e+00
8.319069767441860108e+00
8.334418604651162354e+00
8.349767441860466377e+00
8.365116279069768623e+00
8.380465116279070870e+00
8.395813953488371340e+00
8.411162790697675362e+00
8.426511627906977608e+00
8.441860465116279855e+00
8.457209302325582101e+00
8.472558139534886124e+00
8.487906976744186593e+00
8.503255813953488840e+00
8.518604651162791086e+00
8.533953488372093332e+00
8.549302325581397355e+00
8.564651162790697825e+00
8.580000000000000071e+00
8.595348837209304094e+00
8.610697674418606340e+00
8.626046511627906810e+00
8.641395348837209056e+00
8.656744186046511302e+00
8.672093023255815325e+00
8.687441860465117571e+00
8.702790697674418041e+00
8.718139534883722064e+00
8.733488372093024310e+00
8.748837209302326556e+00
8.764186046511628803e+00
8.779534883720929272e+00
8.794883720930233295e+00
8.810232558139535541e+00
8.825581395348837788e+00
8.840930232558140034e+00
8.856279069767444057e+00
8.871627906976744526e+00
8.886976744186046773e+00
8.902325581395349019e+00
8.917674418604653042e+00
8.933023255813953512e+00
8.948372093023257534e+00
8.963720930232558004e+00
8.979069767441862027e+00
8.994418604651164273e+00
9.009767441860464743e+00
9.025116279069768765e+00
9.040465116279069235e+00
9.055813953488373258e+00
9.071162790697675504e+00
9.086511627906977751e+00
9.101860465116279997e+00
9.117209302325582243e+00
9.132558139534884489e+00
9.147906976744186736e+00
9.163255813953488982e+00
9.178604651162791228e+00
9.193953488372093474e+00
9.209302325581395721e+00
9.224651162790697967e+00
9.240000000000000213e+00
9.255348837209304236e+00
9.270697674418604706e+00
9.286046511627906952e+00
9.301395348837210975e+00
9.316744186046513221e+00
9.332093023255815467e+00
9.347441860465115937e+00
9.362790697674419960e+00
9.378139534883722206e+00
9.393488372093024452e+00
9.408837209302324922e+00
9.424186046511628945e+00
9.439534883720931191e+00
9.454883720930231661e+00
9.470232558139535683e+00
9.485581395348837930e+00
9.500930232558141952e+00
9.516279069767442422e+00
9.531627906976744669e+00
9.546976744186046915e+00
9.562325581395350937e+00
9.577674418604651407e+00
9.593023255813953654e+00
9.608372093023255900e+00
9.623720930232559923e+00
9.639069767441860392e+00
9.654418604651164415e+00
9.669767441860466661e+00
9.685116279069770684e+00
9.700465116279071154e+00
9.715813953488373400e+00
9.731162790697675646e+00
9.746511627906977893e+00
9.761860465116280139e+00
9.777209302325582385e+00
9.792558139534882855e+00
9.807906976744186878e+00
9.823255813953489124e+00
9.838604651162791370e+00
9.853953488372093616e+00
9.869302325581395863e+00
9.884651162790699885e+00
9.900000000000002132e+00
9.915348837209302602e+00
9.930697674418604848e+00
9.946046511627908870e+00
9.961395348837209340e+00
9.976744186046511587e+00
9.992093023255813833e+00
1.000744186046511786e+01
1.002279069767441833e+01
1.003813953488372057e+01
1.005348837209302459e+01
1.006883720930232684e+01
1.008418604651162909e+01
1.009953488372093133e+01
1.011488372093023358e+01
1.013023255813953760e+01
1.014558139534883807e+01
1.016093023255814032e+01
1.017627906976744256e+01
1.019162790697674481e+01
1.020697674418604706e+01
1.022232558139534930e+01
1.023767441860465333e+01
1.025302325581395380e+01
1.026837209302325782e+01
1.028372093023256006e+01
1.029906976744186053e+01
1.031441860465116278e+01
1.032976744186046680e+01
1.034511627906976905e+01
1.036046511627906952e+01
1.037581395348837177e+01
1.039116279069767579e+01
1.040651162790697803e+01
1.042186046511627850e+01
1.043720930232558253e+01
1.045255813953488477e+01
1.046790697674418880e+01
1.048325581395348927e+01
1.049860465116279151e+01
1.051395348837209553e+01
1.052930232558139600e+01
1.054465116279069825e+01
1.056000000000000050e+01
1.057534883720930452e+01
1.059069767441860499e+01
1.060604651162790724e+01
1.062139534883721126e+01
1.063674418604651173e+01
1.065209302325581575e+01
1.066744186046511800e+01
1.068279069767442024e+01
1.069813953488372071e+01
1.071348837209302474e+01
1.072883720930232698e+01
1.074418604651162745e+01
1.075953488372092970e+01
1.077488372093023372e+01
1.079023255813953597e+01
1.080558139534883644e+01
1.082093023255814046e+01
1.083627906976744271e+01
1.085162790697674673e+01
1.086697674418604720e+01
1.088232558139534945e+01
1.089767441860465347e+01
1.091302325581395571e+01
1.092837209302325618e+01
1.094372093023255843e+01
1.095906976744186245e+01
1.097441860465116292e+01
1.098976744186046517e+01
1.100511627906976742e+01
1.102046511627907144e+01
1.103581395348837191e+01
1.105116279069767593e+01
1.106651162790697818e+01
1.108186046511627865e+01
1.109720930232558267e+01
1.111255813953488492e+01
1.112790697674418716e+01
1.114325581395348763e+01
1.115860465116279165e+01
1.117395348837209390e+01
1.118930232558139615e+01
1.120465116279069839e+01
1.122000000000000064e+01
1.123534883720930466e+01
1.125069767441860691e+01
1.126604651162790738e+01
1.128139534883721140e+01
1.129674418604651365e+01
1.131209302325581412e+01
1.132744186046511636e+01
1.134279069767442039e+01
1.135813953488372263e+01
1.137348837209302310e+01
1.138883720930232535e+01
1.140418604651162937e+01
1.141953488372092984e+01
1.143488372093023386e+01
1.145023255813953611e+01
1.146558139534883836e+01
1.148093023255814060e+01
1.149627906976744285e+01
1.151162790697674509e+01
1.152697674418604556e+01
1.154232558139534959e+01
1.155767441860465183e+01
1.157302325581395408e+01
1.158837209302325810e+01
1.160372093023255857e+01
1.161906976744186260e+01
1.163441860465116484e+01
1.164976744186046531e+01
1.166511627906976933e+01
1.168046511627907158e+01
1.169581395348837383e+01
1.171116279069767430e+01
1.172651162790697832e+01
1.174186046511628057e+01
1.175720930232558104e+01
1.177255813953488328e+01
1.178790697674418730e+01
1.180325581395348955e+01
1.181860465116279180e+01
1.183395348837209404e+01
1.184930232558139629e+01
1.186465116279070031e+01
1.188000000000000078e+01
1.189534883720930303e+01
1.191069767441860527e+01
1.192604651162790752e+01
1.194139534883720977e+01
1.195674418604651201e+01
1.197209302325581426e+01
1.198744186046511651e+01
1.200279069767441875e+01
1.201813953488372277e+01
1.203348837209302502e+01
1.204883720930232727e+01
1.206418604651162951e+01
1.207953488372093176e+01
1.209488372093023223e+01
1.211023255813953625e+01
1.212558139534883850e+01
1.214093023255814074e+01
1.215627906976744121e+01
1.217162790697674524e+01
1.218697674418604748e+01
1.220232558139535151e+01
1.221767441860465198e+01
1.223302325581395422e+01
1.224837209302325824e+01
1.226372093023255871e+01
1.227906976744186096e+01
1.229441860465116321e+01
1.230976744186046545e+01
1.232511627906976592e+01
1.234046511627907172e+01
1.235581395348837397e+01
1.237116279069767621e+01
1.238651162790697668e+01
1.240186046511628071e+01
1.241720930232558295e+01
1.243255813953488342e+01
1.244790697674418567e+01
1.246325581395349147e+01
1.247860465116279372e+01
1.249395348837209418e+01
1.250930232558139643e+01
1.252465116279069868e+01
1.253999999999999915e+01
1.255534883720930317e+01
1.257069767441860542e+01
1.258604651162790766e+01
1.260139534883720991e+01
1.261674418604651216e+01
1.263209302325581618e+01
1.264744186046511842e+01
1.266279069767441889e+01
1.267813953488372114e+01
1.269348837209302339e+01
1.270883720930232386e+01
1.272418604651162966e+01
1.273953488372093190e+01
1.275488372093023415e+01
1.277023255813953462e+01
1.278558139534883864e+01
1.280093023255814089e+01
1.281627906976744313e+01
1.283162790697674360e+01
1.284697674418604940e+01
1.286232558139535165e+01
1.287767441860465389e+01
1.289302325581395436e+01
1.290837209302325661e+01
1.292372093023255886e+01
1.293906976744185933e+01
1.295441860465116335e+01
1.296976744186046560e+01
1.298511627906976962e+01
1.300046511627907009e+01
1.301581395348837411e+01
1.303116279069767636e+01
1.304651162790697683e+01
1.306186046511627907e+01
1.307720930232558132e+01
1.309255813953488357e+01
1.310790697674418936e+01
1.312325581395348983e+01
1.313860465116279208e+01
1.315395348837209433e+01
1.316930232558139657e+01
1.318465116279069882e+01
1.320000000000000107e+01
1.321534883720930154e+01
1.323069767441860733e+01
1.324604651162790958e+01
1.326139534883721183e+01
1.327674418604651230e+01
1.329209302325581454e+01
1.330744186046511679e+01
1.332279069767441726e+01
1.333813953488372128e+01
1.335348837209302530e+01
1.336883720930232755e+01
1.338418604651162802e+01
1.339953488372093204e+01
1.341488372093023429e+01
1.343023255813953654e+01
1.344558139534883701e+01
1.346093023255813925e+01
1.347627906976744150e+01
1.349162790697674730e+01
1.350697674418604777e+01
1.352232558139535001e+01
1.353767441860465226e+01
1.355302325581395628e+01
1.356837209302325675e+01
1.358372093023255900e+01
1.359906976744186125e+01
1.361441860465116349e+01
1.362976744186046751e+01
1.364511627906976976e+01
1.366046511627907201e+01
1.367581395348837248e+01
1.369116279069767472e+01
1.370651162790697697e+01
1.372186046511627922e+01
1.373720930232558324e+01
1.375255813953488548e+01
1.376790697674418773e+01
1.378325581395348998e+01
1.379860465116279222e+01
1.381395348837209447e+01
1.382930232558139494e+01
1.384465116279069719e+01
1.385999999999999943e+01
1.387534883720930523e+01
1.389069767441860748e+01
1.390604651162790795e+01
1.392139534883721019e+01
1.393674418604651244e+01
1.395209302325581469e+01
1.396744186046511693e+01
1.398279069767441918e+01
1.399813953488372320e+01
1.401348837209302545e+01
1.402883720930232769e+01
1.404418604651162994e+01
1.405953488372093041e+01
1.407488372093023266e+01
1.409023255813953490e+01
1.410558139534883892e+01
1.412093023255814117e+01
1.413627906976744342e+01
1.415162790697674566e+01
1.416697674418604969e+01
1.418232558139535016e+01
1.419767441860465240e+01
1.421302325581395465e+01
1.422837209302325512e+01
1.424372093023255736e+01
1.425906976744186316e+01
1.427441860465116541e+01
1.428976744186046588e+01
1.430511627906976813e+01
1.432046511627907037e+01
1.433581395348837439e+01
1.435116279069767486e+01
1.436651162790697711e+01
1.438186046511628113e+01
1.439720930232558516e+01
1.441255813953488563e+01
1.442790697674418787e+01
1.444325581395349012e+01
1.445860465116279059e+01
1.447395348837209283e+01
1.448930232558139686e+01
1.450465116279070088e+01
1.452000000000000135e+01
1.453534883720930360e+01
1.455069767441860584e+01
1.456604651162790809e+01
1.458139534883721034e+01
1.459674418604651258e+01
1.461209302325581305e+01
1.462744186046511530e+01
1.464279069767442110e+01
1.465813953488372334e+01
1.467348837209302559e+01
1.468883720930232606e+01
1.470418604651162831e+01
1.471953488372093233e+01
1.473488372093023280e+01
1.475023255813953504e+01
1.476558139534883907e+01
1.478093023255814309e+01
1.479627906976744356e+01
1.481162790697674581e+01
1.482697674418604805e+01
1.484232558139534852e+01
1.485767441860465077e+01
1.487302325581395301e+01
1.488837209302325881e+01
1.490372093023255928e+01
1.491906976744186153e+01
1.493441860465116378e+01
1.494976744186046780e+01
1.496511627906976827e+01
1.498046511627907051e+01
1.499581395348837276e+01
1.501116279069767323e+01
1.502651162790697903e+01
1.504186046511628128e+01
1.505720930232558352e+01
1.507255813953488399e+01
1.508790697674418624e+01
1.510325581395349026e+01
1.511860465116279251e+01
1.513395348837209298e+01
1.514930232558139700e+01
1.516465116279070102e+01
1.518000000000000327e+01
1.519534883720930374e+01
1.521069767441860598e+01
1.522604651162790823e+01
1.524139534883720870e+01
1.525674418604651095e+01
1.527209302325581675e+01
1.528744186046511899e+01
1.530279069767441946e+01
1.531813953488372171e+01
1.533348837209302573e+01
1.534883720930232620e+01
1.536418604651162845e+01
1.537953488372093069e+01
1.539488372093023294e+01
1.541023255813953874e+01
1.542558139534883921e+01
1.544093023255814146e+01
1.545627906976744370e+01
1.547162790697674417e+01
1.548697674418604819e+01
1.550232558139535044e+01
1.551767441860465091e+01
1.553302325581395493e+01
1.554837209302325718e+01
1.556372093023256120e+01
1.557906976744186167e+01
1.559441860465116392e+01
1.560976744186046616e+01
1.562511627906976663e+01
1.564046511627906888e+01
1.565581395348837468e+01
1.567116279069767693e+01
1.568651162790697740e+01
1.570186046511627964e+01
1.571720930232558366e+01
1.573255813953488591e+01
1.574790697674418638e+01
1.576325581395348863e+01
1.577860465116279087e+01
1.579395348837209667e+01
1.580930232558139714e+01
1.582465116279069939e+01
1.584000000000000163e+01
1.585534883720930210e+01
1.587069767441860435e+01
1.588604651162790837e+01
1.590139534883721062e+01
1.591674418604651287e+01
1.593209302325581511e+01
1.594744186046511913e+01
1.596279069767442138e+01
1.597813953488372185e+01
1.599348837209302410e+01
1.600883720930232457e+01
1.602418604651162681e+01
1.603953488372093261e+01
1.605488372093023486e+01
1.607023255813953710e+01
1.608558139534883935e+01
1.610093023255814160e+01
1.611627906976744384e+01
1.613162790697674609e+01
1.614697674418604834e+01
1.616232558139534703e+01
1.617767441860465283e+01
1.619302325581395507e+01
1.620837209302325732e+01
1.622372093023255957e+01
1.623906976744186181e+01
1.625441860465116406e+01
1.626976744186046631e+01
1.628511627906976855e+01
1.630046511627907080e+01
1.631581395348837304e+01
1.633116279069767884e+01
1.634651162790697754e+01
1.636186046511627978e+01
1.637720930232558203e+01
1.639255813953488428e+01
1.640790697674418652e+01
1.642325581395349232e+01
1.643860465116279457e+01
1.645395348837209326e+01
1.646930232558139551e+01
1.648465116279069775e+01
1.650000000000000000e+01
1.651534883720930225e+01
1.653069767441860449e+01
1.654604651162790674e+01
1.656139534883721254e+01
1.657674418604651478e+01
1.659209302325581703e+01
1.660744186046511928e+01
1.662279069767441797e+01
1.663813953488372022e+01
1.665348837209302602e+01
1.666883720930232471e+01
1.668418604651163051e+01
1.669953488372093275e+01
1.671488372093023500e+01
1.673023255813953725e+01
1.674558139534883949e+01
1.676093023255814174e+01
1.677627906976744043e+01
1.679162790697674268e+01
1.680697674418604848e+01
1.682232558139535072e+01
1.683767441860465297e+01
1.685302325581395522e+01
1.686837209302325746e+01
1.688372093023255971e+01
1.689906976744186196e+01
1.691441860465116420e+01
1.692976744186046645e+01
1.694511627906977225e+01
1.696046511627907094e+01
1.697581395348837319e+01
1.699116279069767543e+01
1.700651162790697768e+01
1.702186046511627993e+01
1.703720930232558217e+01
1.705255813953488442e+01
1.706790697674418666e+01
1.708325581395348891e+01
1.709860465116279471e+01
1.711395348837209696e+01
1.712930232558139565e+01
1.714465116279069790e+01
1.716000000000000014e+01
1.717534883720930239e+01
1.719069767441860819e+01
1.720604651162791043e+01
1.722139534883721268e+01
1.723674418604651137e+01
1.725209302325581362e+01
1.726744186046511942e+01
1.728279069767441811e+01
1.729813953488372036e+01
1.731348837209302260e+01
1.732883720930232840e+01
1.734418604651163065e+01
1.735953488372093290e+01
1.737488372093023514e+01
1.739023255813953739e+01
1.740558139534883608e+01
1.742093023255814188e+01
1.743627906976744413e+01
1.745162790697674637e+01
1.746697674418604862e+01
1.748232558139535087e+01
1.749767441860465311e+01
1.751302325581395536e+01
1.752837209302325761e+01
1.754372093023255985e+01
1.755906976744185854e+01
1.757441860465116434e+01
1.758976744186046659e+01
1.760511627906976884e+01
1.762046511627907108e+01
1.763581395348837333e+01
1.765116279069767558e+01
1.766651162790697782e+01
1.768186046511628007e+01
1.769720930232558231e+01
1.771255813953488811e+01
1.772790697674419036e+01
1.774325581395348905e+01
1.775860465116279130e+01
1.777395348837209355e+01
1.778930232558139579e+01
1.780465116279069804e+01
1.782000000000000028e+01
1.783534883720930608e+01
1.785069767441860478e+01
1.786604651162790702e+01
1.788139534883721282e+01
1.789674418604651507e+01
1.791209302325581376e+01
1.792744186046511601e+01
1.794279069767441825e+01
1.795813953488372405e+01
1.797348837209302630e+01
1.798883720930232855e+01
1.800418604651163079e+01
1.801953488372092949e+01
1.803488372093023528e+01
1.805023255813953753e+01
1.806558139534883622e+01
1.808093023255813847e+01
1.809627906976744427e+01
1.811162790697674652e+01
1.812697674418604876e+01
1.814232558139535101e+01
1.815767441860465325e+01
1.817302325581395550e+01
1.818837209302325419e+01
1.820372093023255999e+01
1.821906976744186224e+01
1.823441860465116449e+01
1.824976744186046673e+01
1.826511627906976898e+01
1.828046511627907122e+01
1.829581395348837347e+01
1.831116279069767572e+01
1.832651162790697796e+01
1.834186046511628376e+01
1.835720930232558246e+01
1.837255813953488470e+01
1.838790697674418695e+01
1.840325581395348920e+01
1.841860465116279144e+01
1.843395348837209369e+01
1.844930232558139593e+01
1.846465116279069818e+01
1.848000000000000043e+01
1.849534883720930623e+01
1.851069767441860847e+01
1.852604651162790717e+01
1.854139534883720941e+01
1.855674418604651166e+01
1.857209302325581390e+01
1.858744186046511615e+01
1.860279069767442195e+01
1.861813953488372420e+01
1.863348837209302644e+01
1.864883720930232514e+01
1.866418604651163093e+01
1.867953488372092963e+01
1.869488372093023187e+01
1.871023255813953767e+01
1.872558139534883992e+01
1.874093023255813861e+01
1.875627906976744441e+01
1.877162790697674666e+01
1.878697674418604890e+01
1.880232558139535115e+01
1.881767441860464984e+01
1.883302325581395564e+01
1.884837209302325789e+01
1.886372093023256369e+01
1.887906976744186238e+01
1.889441860465116463e+01
1.890976744186046332e+01
1.892511627906976912e+01
1.894046511627907137e+01
1.895581395348837361e+01
1.897116279069767586e+01
1.898651162790697811e+01
1.900186046511628390e+01
1.901720930232558260e+01
1.903255813953488484e+01
1.904790697674418709e+01
1.906325581395348934e+01
1.907860465116278803e+01
1.909395348837209383e+01
1.910930232558139608e+01
1.912465116279070187e+01
1.914000000000000057e+01
1.915534883720930281e+01
1.917069767441860861e+01
1.918604651162790731e+01
1.920139534883720955e+01
1.921674418604651180e+01
1.923209302325581760e+01
1.924744186046511985e+01
1.926279069767442209e+01
1.927813953488372078e+01
1.929348837209302658e+01
1.930883720930232883e+01
1.932418604651162752e+01
1.933953488372093332e+01
1.935488372093023202e+01
1.937023255813954137e+01
1.938558139534884006e+01
1.940093023255814231e+01
1.941627906976744100e+01
1.943162790697674680e+01
1.944697674418604549e+01
1.946232558139535129e+01
1.947767441860465354e+01
1.949302325581395579e+01
1.950837209302325803e+01
1.952372093023256028e+01
1.953906976744186252e+01
1.955441860465116477e+01
1.956976744186046702e+01
1.958511627906976571e+01
1.960046511627907151e+01
1.961581395348837376e+01
1.963116279069767955e+01
1.964651162790697825e+01
1.966186046511628049e+01
1.967720930232558274e+01
1.969255813953488499e+01
1.970790697674418723e+01
1.972325581395348948e+01
1.973860465116279173e+01
1.975395348837209752e+01
1.976930232558139977e+01
1.978465116279069846e+01
1.980000000000000426e+01
1.981534883720930296e+01
1.983069767441860520e+01
1.984604651162790745e+01
1.986139534883720970e+01
1.987674418604651194e+01
1.989209302325581774e+01
1.990744186046511643e+01
1.992279069767441868e+01
1.993813953488372448e+01
1.995348837209302317e+01
1.996883720930232897e+01
1.998418604651162767e+01
1.999953488372093346e+01
2.001488372093023571e+01
2.003023255813953796e+01
2.004558139534883665e+01
2.006093023255814245e+01
2.007627906976744114e+01
2.009162790697674339e+01
2.010697674418604919e+01
2.012232558139534788e+01
2.013767441860465368e+01
2.015302325581395593e+01
2.016837209302325817e+01
2.018372093023256042e+01
2.019906976744186267e+01
2.021441860465116136e+01
2.022976744186046716e+01
2.024511627906976940e+01
2.026046511627907520e+01
2.027581395348837390e+01
2.029116279069767614e+01
2.030651162790698194e+01
2.032186046511628064e+01
2.033720930232558288e+01
2.035255813953488513e+01
2.036790697674418738e+01
2.038325581395348962e+01
2.039860465116279542e+01
2.041395348837209411e+01
2.042930232558139991e+01
2.044465116279069861e+01
2.046000000000000085e+01
2.047534883720930665e+01
2.049069767441860535e+01
2.050604651162790759e+01
2.052139534883721339e+01
2.053674418604651564e+01
2.055209302325581433e+01
2.056744186046512013e+01
2.058279069767441882e+01
2.059813953488372107e+01
2.061348837209302332e+01
2.062883720930232556e+01
2.064418604651163136e+01
2.065953488372093361e+01
2.067488372093023230e+01
2.069023255813953810e+01
2.070558139534884035e+01
2.072093023255813904e+01
2.073627906976744484e+01
2.075162790697674353e+01
2.076697674418605288e+01
2.078232558139535158e+01
2.079767441860465382e+01
2.081302325581395607e+01
2.082837209302325832e+01
2.084372093023255701e+01
2.085906976744186281e+01
2.087441860465116505e+01
2.088976744186046375e+01
2.090511627906976955e+01
2.092046511627907179e+01
2.093581395348837759e+01
2.095116279069767629e+01
2.096651162790697853e+01
2.098186046511627723e+01
2.099720930232558302e+01
2.101255813953488172e+01
2.102790697674419107e+01
