0.000000000000000000e+00
1.966928052454368081e-01
3.933856104908736162e-01
5.900784157363103688e-01
7.867712209817472324e-01
9.834640262271840960e-01
1.180156831472620738e+00
1.376849636718057601e+00
1.573542441963494465e+00
1.770235247208931328e+00
1.966928052454368192e+00
2.163620857699804834e+00
2.360313662945241475e+00
2.557006468190678561e+00
2.753699273436115202e+00
2.950392078681552288e+00
3.147084883926988930e+00
3.343777689172425571e+00
3.540470494417862657e+00
3.737163299663299298e+00
3.933856104908736384e+00
4.130548910154172582e+00
4.327241715399609667e+00
4.523934520645046753e+00
4.720627325890482950e+00
4.917320131135920036e+00
5.114012936381357122e+00
5.310705741626794207e+00
5.507398546872230405e+00
5.704091352117667491e+00
5.900784157363104576e+00
6.097476962608540774e+00
6.294169767853977859e+00
6.490862573099414945e+00
6.687555378344851142e+00
6.884248183590288228e+00
7.080940988835725314e+00
7.277633794081161511e+00
7.474326599326598597e+00
7.671019404572035683e+00
7.867712209817472768e+00
8.064405015062909854e+00
8.261097820308345163e+00
8.457790625553782249e+00
8.654483430799219335e+00
8.851176236044656420e+00
9.047869041290093506e+00
9.244561846535530591e+00
9.441254651780965901e+00
9.637947457026402986e+00
9.834640262271840072e+00
1.003133306751727716e+01
1.022802587276271424e+01
1.042471867800815133e+01
1.062141148325358841e+01
1.081810428849902372e+01
1.101479709374446081e+01
1.121148989898989790e+01
1.140818270423533498e+01
1.160487550948077207e+01
1.180156831472620915e+01
1.199826111997164446e+01
1.219495392521708155e+01
1.239164673046251863e+01
1.258833953570795572e+01
1.278503234095339280e+01
1.298172514619882989e+01
1.317841795144426698e+01
1.337511075668970228e+01
1.357180356193513937e+01
1.376849636718057646e+01
1.396518917242601354e+01
1.416188197767145063e+01
1.435857478291688771e+01
1.455526758816232302e+01
1.475196039340776011e+01
1.494865319865319719e+01
1.514534600389863428e+01
1.534203880914407137e+01
1.553873161438950845e+01
1.573542441963494554e+01
1.593211722488038085e+01
1.612881003012581971e+01
1.632550283537125679e+01
1.652219564061669033e+01
1.671888844586212741e+01
1.691558125110756450e+01
1.711227405635300158e+01
1.730896686159843867e+01
1.750565966684387575e+01
1.770235247208931284e+01
1.789904527733474993e+01
1.809573808258018701e+01
1.829243088782562410e+01
1.848912369307106118e+01
1.868581649831649827e+01
1.888250930356193180e+01
1.907920210880736889e+01
1.927589491405280597e+01
1.947258771929824306e+01
1.966928052454368014e+01
1.986597332978911723e+01
2.006266613503455432e+01
2.025935894027999140e+01
2.045605174552542849e+01
2.065274455077086557e+01
2.084943735601630266e+01
2.104613016126173974e+01
2.124282296650717683e+01
2.143951577175261036e+01
2.163620857699804745e+01
2.183290138224348453e+01
2.202959418748892162e+01
2.222628699273435871e+01
2.242297979797979579e+01
2.261967260322523288e+01
2.281636540847066996e+01
2.301305821371610705e+01
2.320975101896154413e+01
2.340644382420698122e+01
2.360313662945241830e+01
2.379982943469785539e+01
2.399652223994328892e+01
2.419321504518872601e+01
2.438990785043416309e+01
2.458660065567960018e+01
2.478329346092503727e+01
2.497998626617047435e+01
2.517667907141591144e+01
2.537337187666134852e+01
2.557006468190678561e+01
2.576675748715222269e+01
2.596345029239765978e+01
2.616014309764309687e+01
2.635683590288853395e+01
2.655352870813396748e+01
2.675022151337940457e+01
2.694691431862484166e+01
2.714360712387027874e+01
2.734029992911571583e+01
2.753699273436115291e+01
2.773368553960659000e+01
2.793037834485202708e+01
2.812707115009746417e+01
2.832376395534290126e+01
2.852045676058833834e+01
2.871714956583377543e+01
2.891384237107921251e+01
2.911053517632464605e+01
2.930722798157008313e+01
2.950392078681552022e+01
2.970061359206095730e+01
2.989730639730639439e+01
3.009399920255183147e+01
3.029069200779726856e+01
3.048738481304270564e+01
3.068407761828814273e+01
3.088077042353357982e+01
3.107746322877901690e+01
3.127415603402445399e+01
3.147084883926989107e+01
3.166754164451532461e+01
3.186423444976076169e+01
3.206092725500619878e+01
3.225762006025163942e+01
3.245431286549707295e+01
3.265100567074251359e+01
3.284769847598794712e+01
3.304439128123338065e+01
3.324108408647882129e+01
3.343777689172425482e+01
3.363446969696969546e+01
3.383116250221512900e+01
3.402785530746056963e+01
3.422454811270600317e+01
3.442124091795144381e+01
3.461793372319687734e+01
3.481462652844231798e+01
3.501131933368775151e+01
3.520801213893319215e+01
3.540470494417862568e+01
3.560139774942405921e+01
3.579809055466949985e+01
3.599478335991493338e+01
3.619147616516037402e+01
3.638816897040580756e+01
3.658486177565124819e+01
3.678155458089668173e+01
3.697824738614212237e+01
3.717494019138755590e+01
3.737163299663299654e+01
3.756832580187843007e+01
3.776501860712386360e+01
3.796171141236930424e+01
3.815840421761473777e+01
3.835509702286017841e+01
3.855178982810561195e+01
3.874848263335105258e+01
3.894517543859648612e+01
3.914186824384192676e+01
3.933856104908736029e+01
3.953525385433280093e+01
3.973194665957823446e+01
3.992863946482367510e+01
4.012533227006910863e+01
4.032202507531454216e+01
4.051871788055998280e+01
4.071541068580541634e+01
4.091210349105085697e+01
4.110879629629629051e+01
4.130548910154173115e+01
4.150218190678716468e+01
4.169887471203260532e+01
4.189556751727803885e+01
4.209226032252347949e+01
4.228895312776891302e+01
4.248564593301435366e+01
4.268233873825978719e+01
4.287903154350522072e+01
4.307572434875066136e+01
4.327241715399609490e+01
4.346910995924153553e+01
4.366580276448696907e+01
4.386249556973240971e+01
4.405918837497784324e+01
4.425588118022328388e+01
4.445257398546871741e+01
4.464926679071415805e+01
4.484595959595959158e+01
4.504265240120503222e+01
4.523934520645046575e+01
4.543603801169589929e+01
4.563273081694133992e+01
4.582942362218677346e+01
4.602611642743221410e+01
4.622280923267764763e+01
4.641950203792308827e+01
4.661619484316852180e+01
4.681288764841396244e+01
4.700958045365939597e+01
4.720627325890483661e+01
4.740296606415027014e+01
4.759965886939571078e+01
4.779635167464114431e+01
4.799304447988657785e+01
4.818973728513201849e+01
4.838643009037745202e+01
4.858312289562289266e+01
4.877981570086832619e+01
4.897650850611376683e+01
4.917320131135920036e+01
4.936989411660464100e+01
4.956658692185007453e+01
4.976327972709551517e+01
4.995997253234094870e+01
5.015666533758638934e+01
5.035335814283182287e+01
5.055005094807725641e+01
5.074674375332269705e+01
5.094343655856813058e+01
5.114012936381357122e+01
5.133682216905900475e+01
5.153351497430444539e+01
5.173020777954987892e+01
5.192690058479531956e+01
5.212359339004075309e+01
5.232028619528619373e+01
5.251697900053162726e+01
5.271367180577706790e+01
5.291036461102250144e+01
5.310705741626793497e+01
5.330375022151337561e+01
5.350044302675880914e+01
5.369713583200424978e+01
5.389382863724968331e+01
5.409052144249512395e+01
5.428721424774055748e+01
5.448390705298599812e+01
5.468059985823143165e+01
5.487729266347687229e+01
5.507398546872230582e+01
5.527067827396774646e+01
5.546737107921318000e+01
5.566406388445861353e+01
5.586075668970405417e+01
5.605744949494948770e+01
5.625414230019492834e+01
5.645083510544036187e+01
5.664752791068580251e+01
5.684422071593123604e+01
5.704091352117667668e+01
5.723760632642211021e+01
5.743429913166755085e+01
5.763099193691298439e+01
5.782768474215842502e+01
5.802437754740385856e+01
5.822107035264929209e+01
5.841776315789473273e+01
5.861445596314016626e+01
5.881114876838560690e+01
5.900784157363104043e+01
5.920453437887648107e+01
5.940122718412191460e+01
5.959791998936735524e+01
5.979461279461278878e+01
5.999130559985822941e+01
6.018799840510366295e+01
6.038469121034910359e+01
6.058138401559453712e+01
6.077807682083997065e+01
6.097476962608541129e+01
6.117146243133084482e+01
6.136815523657628546e+01
6.156484804182171899e+01
6.176154084706715963e+01
6.195823365231259316e+01
6.215492645755803380e+01
6.235161926280346734e+01
6.254831206804890797e+01
6.274500487329434151e+01
6.294169767853978215e+01
6.313839048378521568e+01
6.333508328903064921e+01
6.353177609427608985e+01
6.372846889952152338e+01
6.392516170476696402e+01
6.412185451001239755e+01
6.431854731525783109e+01
6.451524012050327883e+01
6.471193292574871236e+01
6.490862573099414590e+01
6.510531853623957943e+01
6.530201134148502717e+01
6.549870414673046071e+01
6.569539695197589424e+01
6.589208975722132777e+01
6.608878256246676131e+01
6.628547536771220905e+01
6.648216817295764258e+01
6.667886097820307612e+01
6.687555378344850965e+01
6.707224658869395739e+01
6.726893939393939092e+01
6.746563219918482446e+01
6.766232500443025799e+01
6.785901780967570573e+01
6.805571061492113927e+01
6.825240342016657280e+01
6.844909622541200633e+01
6.864578903065743987e+01
6.884248183590288761e+01
6.903917464114832114e+01
6.923586744639375468e+01
6.943256025163918821e+01
6.962925305688463595e+01
6.982594586213006949e+01
7.002263866737550302e+01
7.021933147262093655e+01
7.041602427786638430e+01
7.061271708311181783e+01
7.080940988835725136e+01
7.100610269360268489e+01
7.120279549884811843e+01
7.139948830409356617e+01
7.159618110933899970e+01
7.179287391458443324e+01
7.198956671982986677e+01
7.218625952507531451e+01
7.238295233032074805e+01
7.257964513556618158e+01
7.277633794081161511e+01
7.297303074605706286e+01
7.316972355130249639e+01
7.336641635654792992e+01
7.356310916179336346e+01
7.375980196703879699e+01
7.395649477228424473e+01
7.415318757752967826e+01
7.434988038277511180e+01
7.454657318802054533e+01
7.474326599326599307e+01
7.493995879851142661e+01
7.513665160375686014e+01
7.533334440900229367e+01
7.553003721424772721e+01
7.572673001949317495e+01
7.592342282473860848e+01
7.612011562998404202e+01
7.631680843522947555e+01
7.651350124047492329e+01
7.671019404572035683e+01
7.690688685096579036e+01
7.710357965621122389e+01
7.730027246145667164e+01
7.749696526670210517e+01
7.769365807194753870e+01
7.789035087719297223e+01
7.808704368243840577e+01
7.828373648768385351e+01
7.848042929292928704e+01
7.867712209817472058e+01
7.887381490342015411e+01
7.907050770866560185e+01
7.926720051391103539e+01
7.946389331915646892e+01
7.966058612440190245e+01
7.985727892964735020e+01
8.005397173489278373e+01
8.025066454013821726e+01
8.044735734538365080e+01
8.064405015062908433e+01
8.084074295587453207e+01
8.103743576111996560e+01
8.123412856636539914e+01
8.143082137161083267e+01
8.162751417685628041e+01
8.182420698210171395e+01
8.202089978734714748e+01
8.221759259259258101e+01
8.241428539783802876e+01
8.261097820308346229e+01
8.280767100832889582e+01
8.300436381357432936e+01
8.320105661881976289e+01
8.339774942406521063e+01
8.359444222931064417e+01
8.379113503455607770e+01
8.398782783980151123e+01
8.418452064504695898e+01
8.438121345029239251e+01
8.457790625553782604e+01
8.477459906078325957e+01
8.497129186602870732e+01
8.516798467127414085e+01
8.536467747651957438e+01
8.556137028176500792e+01
8.575806308701044145e+01
8.595475589225588919e+01
8.615144869750132273e+01
8.634814150274675626e+01
8.654483430799218979e+01
8.674152711323763754e+01
8.693821991848307107e+01
8.713491272372850460e+01
8.733160552897393814e+01
8.752829833421938588e+01
8.772499113946481941e+01
8.792168394471025294e+01
8.811837674995568648e+01
8.831506955520112001e+01
8.851176236044656775e+01
8.870845516569200129e+01
8.890514797093743482e+01
8.910184077618286835e+01
8.929853358142831610e+01
8.949522638667374963e+01
8.969191919191918316e+01
8.988861199716461670e+01
9.008530480241006444e+01
9.028199760765549797e+01
9.047869041290093151e+01
9.067538321814636504e+01
9.087207602339179857e+01
9.106876882863724632e+01
9.126546163388267985e+01
9.146215443912811338e+01
9.165884724437354691e+01
9.185554004961899466e+01
9.205223285486442819e+01
9.224892566010986172e+01
9.244561846535529526e+01
9.264231127060074300e+01
9.283900407584617653e+01
9.303569688109161007e+01
9.323238968633704360e+01
9.342908249158247713e+01
9.362577529682792488e+01
9.382246810207335841e+01
9.401916090731879194e+01
9.421585371256422548e+01
9.441254651780967322e+01
9.460923932305510675e+01
9.480593212830054028e+01
9.500262493354597382e+01
9.519931773879142156e+01
9.539601054403685509e+01
9.559270334928228863e+01
9.578939615452772216e+01
9.598608895977315569e+01
9.618278176501860344e+01
9.637947457026403697e+01
9.657616737550947050e+01
9.677286018075490404e+01
9.696955298600035178e+01
9.716624579124578531e+01
9.736293859649121885e+01
9.755963140173665238e+01
9.775632420698210012e+01
9.795301701222753366e+01
9.814970981747296719e+01
9.834640262271840072e+01
9.854309542796383425e+01
9.873978823320928200e+01
9.893648103845471553e+01
9.913317384370014906e+01
9.932986664894558260e+01
9.952655945419103034e+01
9.972325225943646387e+01
9.991994506468189741e+01
1.001166378699273309e+02
1.003133306751727787e+02
1.005100234804182122e+02
1.007067162856636457e+02
1.009034090909090793e+02
1.011001018961545128e+02
1.012967947013999606e+02
1.014934875066453941e+02
1.016901803118908276e+02
1.018868731171362612e+02
1.020835659223817089e+02
1.022802587276271424e+02
1.024769515328725760e+02
1.026736443381180095e+02
1.028703371433634572e+02
1.030670299486088908e+02
1.032637227538543243e+02
1.034604155590997578e+02
1.036571083643451914e+02
1.038538011695906391e+02
1.040504939748360727e+02
1.042471867800815062e+02
1.044438795853269397e+02
1.046405723905723875e+02
1.048372651958178210e+02
1.050339580010632545e+02
1.052306508063086881e+02
1.054273436115541358e+02
1.056240364167995693e+02
1.058207292220450029e+02
1.060174220272904364e+02
1.062141148325358699e+02
1.064108076377813177e+02
1.066075004430267512e+02
1.068041932482721847e+02
1.070008860535176183e+02
1.071975788587630660e+02
1.073942716640084996e+02
1.075909644692539331e+02
1.077876572744993666e+02
1.079843500797448144e+02
1.081810428849902479e+02
1.083777356902356814e+02
1.085744284954811150e+02
1.087711213007265485e+02
1.089678141059719962e+02
1.091645069112174298e+02
1.093611997164628633e+02
1.095578925217082968e+02
1.097545853269537446e+02
1.099512781321991781e+02
1.101479709374446116e+02
1.103446637426900452e+02
1.105413565479354929e+02
1.107380493531809265e+02
1.109347421584263600e+02
1.111314349636717935e+02
1.113281277689172271e+02
1.115248205741626748e+02
1.117215133794081083e+02
1.119182061846535419e+02
1.121148989898989754e+02
1.123115917951444231e+02
1.125082846003898567e+02
1.127049774056352902e+02
1.129016702108807237e+02
1.130983630161261715e+02
1.132950558213716050e+02
1.134917486266170386e+02
1.136884414318624721e+02
1.138851342371079056e+02
1.140818270423533534e+02
1.142785198475987869e+02
1.144752126528442204e+02
1.146719054580896540e+02
1.148685982633351017e+02
1.150652910685805352e+02
1.152619838738259688e+02
1.154586766790714023e+02
1.156553694843168500e+02
1.158520622895622836e+02
1.160487550948077171e+02
1.162454479000531506e+02
1.164421407052985842e+02
1.166388335105440319e+02
1.168355263157894655e+02
1.170322191210348990e+02
1.172289119262803325e+02
1.174256047315257803e+02
1.176222975367712138e+02
1.178189903420166473e+02
1.180156831472620809e+02
1.182123759525075286e+02
1.184090687577529621e+02
1.186057615629983957e+02
1.188024543682438292e+02
1.189991471734892627e+02
1.191958399787347105e+02
1.193925327839801440e+02
1.195892255892255776e+02
1.197859183944710111e+02
1.199826111997164588e+02
1.201793040049618924e+02
1.203759968102073259e+02
1.205726896154527594e+02
1.207693824206982072e+02
1.209660752259436407e+02
1.211627680311890742e+02
1.213594608364345078e+02
1.215561536416799413e+02
1.217528464469253890e+02
1.219495392521708226e+02
1.221462320574162561e+02
1.223429248626616896e+02
1.225396176679071374e+02
1.227363104731525709e+02
1.229330032783980045e+02
1.231296960836434380e+02
1.233263888888888857e+02
1.235230816941343193e+02
1.237197744993797528e+02
1.239164673046251863e+02
1.241131601098706199e+02
1.243098529151160676e+02
1.245065457203615011e+02
1.247032385256069347e+02
1.248999313308523682e+02
1.250966241360978159e+02
1.252933169413432495e+02
1.254900097465886830e+02
1.256867025518341165e+02
1.258833953570795643e+02
1.260800881623249978e+02
1.262767809675704314e+02
1.264734737728158649e+02
1.266701665780612984e+02
1.268668593833067462e+02
1.270635521885521797e+02
1.272602449937976132e+02
1.274569377990430468e+02
1.276536306042884945e+02
1.278503234095339280e+02
1.280470162147793758e+02
1.282437090200247951e+02
1.284404018252702429e+02
1.286370946305156622e+02
1.288337874357611099e+02
1.290304802410065577e+02
1.292271730462519770e+02
1.294238658514974247e+02
1.296205586567428441e+02
1.298172514619882918e+02
1.300139442672337395e+02
1.302106370724791589e+02
1.304073298777246066e+02
1.306040226829700543e+02
1.308007154882154737e+02
1.309974082934609214e+02
1.311941010987063407e+02
1.313907939039517885e+02
1.315874867091972362e+02
1.317841795144426555e+02
1.319808723196881033e+02
1.321775651249335226e+02
1.323742579301789704e+02
1.325709507354244181e+02
1.327676435406698374e+02
1.329643363459152852e+02
1.331610291511607329e+02
1.333577219564061522e+02
1.335544147616516000e+02
1.337511075668970193e+02
1.339478003721424670e+02
1.341444931773879148e+02
1.343411859826333341e+02
1.345378787878787818e+02
