0.000000000000000000e+00
0.000000000000000000e+00
0.000000000000000000e+00
0.000000000000000000e+00
0.000000000000000000e+00
0.000000000000000000e+00
8.733645560062533694e-06
8.599606398620811119e-06
8.442586266790527602e-06
8.262217469045463660e-06
8.058203020537520051e-06
7.830203510011729114e-06
7.577936094755616670e-06
7.301103789921083476e-06
6.999423752795654506e-06
6.672584856395609687e-06
6.320290115872846387e-06
5.942214262108022858e-06
5.538017883846168899e-06
5.107305001289819982e-06
4.649693776777133254e-06
4.164703377696903965e-06
3.651852971437925250e-06
3.110591014710870424e-06
2.540309395683919750e-06
1.940357576118381259e-06
1.310010064456758318e-06
6.484551021142482190e-07
-4.516474859201587773e-08
-7.717929095294928638e-07
-1.532441816187486084e-06
-2.328219787734826381e-06
-3.160300621428284500e-06
-4.029928825202748355e-06
-4.938476186213720001e-06
-5.887342775887947388e-06
-6.878055944872795150e-06
-7.912213754493744770e-06
-8.991484976754396277e-06
-1.011765152074333920e-05
-1.129255186409165910e-05
-1.251813762151543018e-05
-1.379640283413760184e-05
-1.512953953297984728e-05
-1.651957004343636263e-05
-1.796885610215631001e-05
-1.947966045083948623e-05
-2.105452867389816568e-05
-2.269586493438838229e-05
-2.440635623807863735e-05
-2.618854816938121543e-05
-2.804512773406461106e-05
-2.997906478060982007e-05
-3.199318773614158424e-05
-3.409032502778464876e-05
-3.627372934673246668e-05
-3.854637054146602706e-05
-4.091150130317879312e-05
-4.337237432306422131e-05
-4.593238371367199500e-05
-4.859478216619558420e-05
-5.136338805725339371e-05
-5.424145407803887997e-05
-5.723294002652668151e-05
-6.034138143662274927e-05
-6.357059668494547452e-05
-6.692482841218197671e-05
-7.040775357359444050e-05
-7.402361480986997182e-05
-7.777665476169569011e-05
-8.167097464840248114e-05
-8.571124137474617904e-05
-8.990169758141388972e-05
-9.424701017316146085e-05
-9.875184605474472655e-05
-1.034208721309194938e-04
-1.082593209918665723e-04
-1.132718595423417690e-04
-1.184635789511696326e-04
-1.238399946512434402e-04
-1.294060563900314661e-04
-1.351675624431394548e-04
-1.411297454007481888e-04
-1.472988278025320864e-04
-1.536797593959594898e-04
-1.602784798779923500e-04
-1.671020603164425689e-04
-1.741561575655595489e-04
-1.814464284795928547e-04
-1.889799441263543070e-04
-1.967637755736558348e-04
-2.048035796757468946e-04
-2.131050132868769699e-04
-2.216779759019826368e-04
-2.305281243753134872e-04
-2.396625297746813146e-04
-2.490882631678979667e-04
-2.588123956227753996e-04
-2.688434124206877710e-04
-2.791897988430093198e-04
-2.898586259575519478e-04
-3.008569648321275029e-04
-3.121947149616726151e-04
-3.238789474139991322e-04
-3.359195616840436843e-04
-3.483222146260556737e-04
-3.610982199485342301e-04
-3.742560629328535384e-04
-3.878056430739501201e-04
-4.017540314396360400e-04
-4.161111275248476570e-04
-4.308868308245217098e-04
-4.460910408335949369e-04
-4.617322428334413062e-04
-4.778217505325600559e-04
-4.943694634258875452e-04
-5.113852810083607293e-04
-5.288791027749158592e-04
-5.468608282204898358e-04
-5.653417710535813554e-04
-5.843332449826896561e-04
-6.038465637163136510e-04
-6.238902125358275789e-04
-6.444769193632926899e-04
-6.656179979072081136e-04
-6.873247618760727632e-04
-7.096085249783855515e-04
-7.324820151362079453e-04
-7.559551318444767375e-04
-7.800391888116905157e-04
-8.047497423870355292e-04
-8.300952778518861253e-04
-8.560899373418659995e-04
-8.827450345654741732e-04
-9.100747116583341248e-04
-9.380902823289450927e-04
-9.668030602858062065e-04
-9.962286018781031736e-04
-1.026376806600772787e-03
-1.057263230803001186e-03
-1.088900602406849731e-03
-1.121298820907254889e-03
-1.154474856866965354e-03
-1.188440023994480040e-03
-1.223208464425422533e-03
-1.258791491868291963e-03
-1.295206076885836808e-03
-1.332462118972993752e-03
-1.370575174478948612e-03
-1.409557971325762962e-03
-1.449427480076185279e-03
-1.490185114943777794e-03
-1.531861988626912786e-03
-1.574458101125590474e-03
-1.617987594575434444e-03
-1.662478753247692087e-03
-1.707931577142363187e-03
-1.754360208395071979e-03
-1.801778789141442053e-03
-1.850201461517096560e-03
-1.899642367657660173e-03
-1.950115649698755827e-03
-2.001635449776007544e-03
-2.054215910025039126e-03
-2.107857030445851008e-03
-2.162587095309689497e-03
-2.218406104616555893e-03
-2.275342342637696504e-03
-2.333395809373112195e-03
-2.392580646958426122e-03
-2.452925139664886324e-03
-2.514401003221244327e-03
-2.577064806169996215e-03
-2.640902406375517965e-03
-2.705927945973432731e-03
-2.772169709234988556e-03
-2.839613554024561417e-03
-2.908273622477775336e-03
-2.978178198865877487e-03
-3.049313141053244282e-03
-3.121706733311122896e-03
-3.195358975639513762e-03
-3.270284010174040034e-03
-3.346495979050326166e-03
-3.423980740132748137e-03
-3.502766577692553555e-03
-3.582839349594117966e-03
-3.664227340108689411e-03
-3.746930549236268324e-03
-3.830948976976853403e-03
-3.916296765466070404e-03
-4.002959772568293571e-03
-4.090952140419146926e-03
-4.180288011154255357e-03
-4.270953242637994841e-03
-4.362961977005988534e-03
-4.456314214258236435e-03
-4.550995812259115390e-03
-4.647020913144248554e-03
-4.744389516913635925e-03
-4.843087481431654351e-03
-4.943114806698303831e-03
-5.044485634849206653e-03
-5.147171681613117375e-03
-5.251187089125658285e-03
-5.356503573115582208e-03
-5.463149417854138053e-03
-5.571082196934452890e-03
-5.680301910356525853e-03
-5.790794415984735523e-03
-5.902573855954706787e-03
-6.015597803859564115e-03
-6.129866259699310108e-03
-6.245365081338319878e-03
-6.362080126640972007e-03
-6.479983111336016718e-03
-6.599074035423455747e-03
-6.719310472496416164e-03
-6.840692422554898837e-03
-6.963191601327656591e-03
-7.086765582407817364e-03
-7.211414365795381157e-03
-7.337109667219102530e-03
-7.463809060272107686e-03
-7.591484260683150319e-03
-7.720121126316607275e-03
-7.849663088629983340e-03
-7.980096005487654492e-03
-8.111363308347125517e-03
-8.243450855072772393e-03
-8.376302077122099038e-03
-8.509888690223862615e-03
-8.644154125835563571e-03
-8.779055957550333314e-03
-8.914551758961299782e-03
-9.050599103661592648e-03
-9.187127280973090074e-03
-9.324093864488925201e-03
-9.461456427802224234e-03
-9.599144260234868803e-03
-9.737100793244364560e-03
-9.875255316152591403e-03
-1.001356540255267900e-02
-1.015196034176651073e-02
-1.029035528098034245e-02
-1.042867950951605407e-02
-1.056689060096677700e-02
-1.070488956038314309e-02
-1.084259153495141167e-02
-1.097993995612908669e-02
-1.111684997110242573e-02
-1.125320844278643838e-02
-1.138895880263863375e-02
-1.152400205570964023e-02
-1.165823920705009488e-02
-1.179158540384625357e-02
-1.192394165114875164e-02
-1.205519481187259864e-02
-1.218524589106842991e-02
-1.231399589378687383e-02
-1.244133168294294864e-02
-1.256714012145165871e-02
-1.269132221436364109e-02
-1.281373654032265559e-02
-1.293426996224371524e-02
-1.305280934304182787e-02
-1.316921326136075848e-02
-1.328336858011551318e-02
-1.339513387794986042e-02
-1.350436773350755654e-02
-1.361094286756799401e-02
-1.371471785877493091e-02
-1.381555128577213222e-02
-1.391327344293211317e-02
-1.400775705103426104e-02
-1.409883240445108758e-02
-1.418640050823322986e-02
-1.427012195112571658e-02
-1.435002501739979577e-02
-1.442596828569923245e-02
-1.449752749195530946e-02
-1.456484405752426874e-02
-1.462749371833739834e-02
-1.468547647439469479e-02
-1.473850948298368636e-02
-1.478630990139189610e-02
-1.482887772961932575e-02
-1.486593012495350183e-02
-1.489732566603818413e-02
-1.492278151016090092e-02
-1.494215623596541198e-02
-1.495530842209548059e-02
-1.496181380448239652e-02
-1.496167238312615978e-02
-1.495460131531429517e-02
-1.494031775833432572e-02
-1.491868029083001819e-02
-1.488940607008889562e-02
-1.485235367475471954e-02
-1.480709884075878148e-02
-1.475364156810107796e-02
-1.469169901406913552e-02
-1.462084691459424567e-02
-1.454108526967640320e-02
-1.445198981524689619e-02
-1.435341912994949135e-02
-1.424509037107171174e-02
-1.412664998522296551e-02
-1.399795655104701421e-02
-1.385872722583138435e-02
-1.370867916686359898e-02
-1.354755781570243268e-02
-1.337508032963540851e-02
-1.319099215022130102e-02
-1.299499629261201619e-02
-1.278682405623069590e-02
-1.256619259836487014e-02
-1.233283321843768425e-02
-1.208644893160104594e-02
-1.182674275300684905e-02
-1.155344598207824758e-02
-1.126624749183152002e-02
-1.096486443955418943e-02
-1.064899984039816005e-02
-1.031834256737970516e-02
-9.972595635650732468e-03
-9.611462060363137536e-03
-9.234644856668826340e-03
-8.841818755448451611e-03
-8.432686771853915852e-03
-8.006923636765871793e-03
-7.564246507471845959e-03
-7.104315972716867059e-03
-6.626835047652839331e-03
-6.131464321024791483e-03
-5.617920950120249175e-03
-5.085851381548619696e-03
-4.534958630461803815e-03
-3.964917427740456864e-03
-3.375402504265232004e-03
-2.766102733052407722e-03
-2.136692844982638478e-03
-1.486833428800953417e-03
-8.162289138728179207e-04
-1.245397475219056302e-04
5.885504298256862953e-04
1.323365897339809838e-03
2.080223297437080576e-03
2.859454970304655622e-03
3.661356486577072196e-03
4.486281399644922140e-03
5.334512552220681096e-03
6.206375213423693735e-03
7.102208794508931347e-03
8.022281996053242520e-03
8.966934229311600280e-03
9.936462479132098652e-03
1.093116373036283860e-02
1.195133496785191762e-02
1.299728731858305897e-02
1.406930362526873785e-02
1.516772329916392034e-02
1.629258876667548026e-02
1.744446571322836453e-02
1.862363698153505359e-02
1.983010257159554049e-02
2.106428674747854238e-02
2.232633093054028905e-02
2.361665938484950114e-02
2.493527211040617517e-02
2.628259337127902481e-02
2.765862316746804661e-02
2.906364434168571403e-02
3.049793973664450750e-02
3.196165077370066027e-02
3.345477745285417581e-02
3.497746119546128740e-02
3.652998484423446851e-02
3.811234839917372608e-02
3.972469328163528990e-02
4.136701949161916692e-02
4.303932702912535019e-02
4.474161589415385359e-02
4.647402750806088612e-02
4.823642044949024571e-02
5.002865329708566788e-02
5.185072605084716652e-02
5.370249728941849099e-02
5.558382559144341845e-02
5.749428669285323173e-02
5.943402201500416759e-02
6.140246587247128601e-02
6.339933542254208576e-02
6.542420640114789132e-02
6.747693738693244514e-02
6.955667985175831292e-02
7.166329237426927179e-02
7.379592642632790134e-02
7.595401632250924073e-02
7.813685495603212017e-02
8.034373522011532820e-02
8.257380858662147216e-02
8.482636794876932673e-02
8.710014051435278903e-02
8.939427775523442476e-02
9.170750687920810329e-02
9.403897935813639031e-02
9.638713955710066783e-02
9.875071468389481910e-02
1.011282905249564767e-01
1.035183114453670089e-01
1.059192218102077976e-01
1.083291831418477930e-01
1.107466398053683632e-01
1.131694704804259433e-01
1.155958366893894695e-01
1.180236171119153632e-01
1.204505490063038226e-01
1.228745110522113243e-01
1.252930990865817884e-01
1.277036261036467168e-01
1.301038293617063635e-01
1.324908804336358825e-01
1.348620923136668592e-01
1.372146365746745034e-01
1.395455433681778434e-01
1.418512771602709333e-01
1.441309894228163802e-01
1.463781747734272110e-01
1.485928332121034812e-01
1.507693078845956658e-01
1.529047703637790301e-01
1.549978064360912344e-01
1.570413450337203587e-01
1.590368003702287980e-01
1.609756871642422926e-01
1.628594196293232654e-01
1.646809266976597963e-01
1.664373799421272060e-01
1.681273651491630439e-01
1.697466396780802356e-01
1.712923751017540186e-01
1.727603287794973186e-01
1.741490864977476849e-01
1.754529914022556758e-01
1.766734577065836587e-01
1.778034143429197689e-01
1.788442755248263460e-01
1.797917986116163158e-01
1.806445693897272831e-01
1.814011736455969082e-01
1.820587829521004009e-01
1.826159830956753938e-01
1.830741882898843098e-01
1.834291558940399636e-01
1.836837143352670898e-01
1.838364494000033766e-01
1.838859468746864567e-01
1.838350351864410093e-01
1.836823001217047224e-01
1.834305701076022754e-01
1.830798451441337515e-01
1.826329536584238855e-01
1.820913098640349892e-01
1.814577421880918529e-01
1.807336648441568161e-01
1.799233204729170366e-01
1.790309517150596164e-01
1.780565585705845277e-01
1.770072121073036908e-01
1.758857407523418404e-01
1.746949729328236833e-01
1.734419797165611399e-01
1.721295895306789170e-01
1.707620450158641168e-01
1.693450030263662920e-01
1.678827062028724892e-01
1.663808113996322890e-01
1.648435612573327103e-01
1.632766126302233334e-01
1.616842081589912328e-01
1.600720046978858779e-01
1.584442448875944542e-01
1.568051713688040361e-01
1.551590267822017810e-01
1.535114679820371031e-01
1.518653233954348203e-01
1.502248356630820347e-01
1.485942474256658485e-01
1.469763871103110520e-01
1.453740831441423242e-01
1.437901639542844556e-01
1.422288721814245482e-01
1.406907735109875768e-01
1.391785549487420393e-01
1.376939135509627488e-01
1.362381221098558914e-01
1.348124534176275702e-01
1.334177560024152054e-01
1.320545955496437995e-01
1.307232549020257706e-01
1.294237340595611185e-01
1.281560330222498989e-01
1.269197275260233182e-01
1.257141104641002483e-01
1.245383333083432686e-01
1.233915475306149173e-01
1.222726217600653420e-01
1.211801417831321059e-01
1.201126933862528973e-01
1.190688623558653209e-01
1.180468102143382852e-01
1.170452641694656598e-01
1.160621029009038796e-01
1.150956293523781038e-01
1.141440050462572686e-01
1.132053915049102411e-01
1.122780916720621802e-01
1.113601256487258134e-01
1.104496549572700076e-01
1.095448411200637129e-01
1.086439870808320468e-01
1.077453957833001963e-01
1.068473701711932650e-01
1.059482131882364675e-01
1.050463691995111304e-01
1.041402825700986912e-01
1.032283976650805180e-01
1.023094416922504801e-01
1.013821418594024470e-01
1.004449425316178007e-01
9.949685375940287013e-02
9.853646132919530176e-02
9.756291671285767519e-02
9.657494711818381816e-02
9.557156259568010126e-02
9.455191461720910406e-02
9.351515465463337839e-02
9.246015133710305811e-02
9.138633897919316851e-02
9.029272763141006630e-02
8.917889302968501353e-02
8.804398664588060364e-02
8.688730137321565294e-02
8.570827152626520062e-02
8.450647284096053646e-02
8.328133963187672739e-02
8.203216479223257585e-02
8.075880690067183121e-02
7.946055885041332367e-02
7.813727922010083038e-02
7.678840232430937662e-02
7.541378674168272567e-02
7.401300820815218118e-02
7.258578388100524192e-02
7.113197233888569893e-02
6.965143216043731544e-02
6.814388050294759025e-02
6.660917594506030048e-02
6.504731848677546002e-02
6.345816670673681825e-02
6.184186202630059803e-02
6.019812160275435364e-02
5.852722827881053774e-02
5.682904063311293441e-02
5.510384150837398937e-02
5.335163090459373036e-02
5.157255024312837333e-02
4.976688236669040560e-02
4.793476869663606393e-02
4.607649207567780791e-02
4.419233534652813877e-02
4.228243993054327243e-02
4.034737151314816972e-02
3.838741293705529717e-02
3.640284704497712825e-02
3.439409810098238707e-02
3.236159036913977688e-02
3.030588953487424464e-02
2.822741986225450403e-02
2.612646419399303546e-02
2.400387105822725589e-02
2.185978187631340899e-02
1.969504517638890825e-02
1.751022664387871450e-02
1.530575054285153447e-02
1.308222498513918718e-02
1.084035707752286325e-02
8.580754931834378221e-03
6.304069086312426642e-03
4.010964221331325338e-03
1.702133301536633541e-03
-6.217010099412739353e-04
-2.959821706826274226e-03
-5.311489155425247292e-03
-7.675926952492448212e-03
-1.005234313843295091e-02
-1.243991746938057433e-02
-1.483778727506227663e-02
-1.724520302228999685e-02
-1.966110405089195601e-02
-2.208478325408696347e-02
-2.451510926102513227e-02
-2.695123354356902118e-02
-2.939202473086875017e-02
-3.183649287343064127e-02
-3.428364802176104426e-02
-3.673235880501005829e-02
-3.918135243097155274e-02
-4.162963895015184962e-02
-4.407580414898859544e-02
-4.651885807798811917e-02
-4.895724510223180975e-02
-5.138983385086976635e-02
-5.381521011033962854e-02
-5.623181824572277832e-02
-5.863852688616930098e-02
-6.103349755404813975e-02
-6.341545745715314319e-02
-6.578270953920946351e-02
-6.813383958665474027e-02
-7.046715054321410487e-02
-7.278094535261273035e-02
-7.507352695857576197e-02
-7.734333972618458175e-02
-7.958854517780809823e-02
-8.180730483581524770e-02
-8.399806306528741218e-02
-8.615883996723726346e-02
-8.828779706403372396e-02
-9.038337872075817570e-02
-9.244360503842329047e-02
-9.446649611804176783e-02
-9.645049632469498979e-02
-9.839362575939562816e-02
-1.002940459445125776e-01
-1.021500598237710389e-01
-1.039596874981836422e-01
-1.057212319114755744e-01
-1.074329960073719670e-01
-1.090931413082417423e-01
-1.106998293364538227e-01
-1.122517872998020499e-01
-1.137468938779428868e-01
-1.151838762786701886e-01
-1.165610374457091147e-01
-1.178768217441410332e-01
-1.191298149604036183e-01
-1.203184614595781965e-01
-1.214416298708149017e-01
-1.224979059805513665e-01
-1.234860169965814464e-01
-1.244048315480552475e-01
-1.252530768427666252e-01
-1.260300457739343960e-01
-1.267344655493524430e-01
-1.273654876408833181e-01
-1.279225463631021020e-01
-1.284046517665150544e-01
-1.288113795870535760e-01
-1.291421641392926367e-01
-1.293965811591635540e-01
-1.295740649612413808e-01
-1.296747569668823541e-01
-1.296982329120177357e-01
-1.296444927966475813e-01
-1.295138194634842810e-01
-1.293063543338841548e-01
-1.290223802505596484e-01
-1.286623214775794444e-01
-1.282268851217247818e-01
-1.277166368684205522e-01
-1.271324252458042314e-01
-1.264753816247256857e-01
-1.257463545333223631e-01
-1.249467581851566172e-01
-1.240778653724345926e-01
-1.231410903087186426e-01
-1.221382714716399004e-01
-1.210708230747606778e-01
-1.199410078597808044e-01
-1.187503814616188980e-01
-1.175014894646872199e-01
-1.161961703466168616e-01
-1.148369696918200705e-01
-1.134262916633529128e-01
-1.119663990029151623e-01
-1.104602615589878184e-01
-1.089102834946269055e-01
-1.073192932369571723e-01
-1.056901192131033673e-01
-1.040255898501902393e-01
-1.023285335753425090e-01
-1.006020616583974542e-01
-9.884871968376728046e-02
-9.707190176400172510e-02
-9.527415348351304936e-02
-9.345872753349469819e-02
-9.162831091971521125e-02
-8.978587349065553225e-02
-8.793424367344045145e-02
-8.607610847383843911e-02
-8.421429631897425772e-02
-8.235135279326016855e-02
-8.048996490246471125e-02
-7.863253680964388259e-02
-7.678147267785374874e-02
-7.493917667015032036e-02
-7.310777010687714850e-02
-7.128937430837782585e-02
-6.948582775228341613e-02
-6.769939318029373487e-02
-6.593148480597112171e-02
-6.418394110694668198e-02
-6.245831771813903366e-02
-6.075588743175430739e-02
-5.907820588271110035e-02
-5.742640444185932724e-02
-5.580147305869264523e-02
-5.420454310406094128e-02
-5.263660452745789337e-02
-5.109836443566467129e-02
-4.959052993546247956e-02
-4.811366671227625819e-02
-4.666848187288718391e-02
-4.525539968136399471e-02
-4.387470298041913630e-02
-4.252667461276510991e-02
-4.121173884247060493e-02
-3.993003709089186504e-02
-3.868171077938513391e-02
-3.746675990795041156e-02
-3.628518447658769103e-02
-3.513698448529697232e-02
-3.402230135543449913e-02
-3.294071082293155428e-02
-3.189221288778814473e-02
-3.087666612864802679e-02
-2.989378770279872352e-02
-2.894343618888400513e-02
-2.802504590147891425e-02
-2.713861684058345783e-02
-2.628372474212891871e-02
-2.545994534204659362e-02
-2.466685437626776195e-02
-2.390388615936747674e-02
-2.317089926998950472e-02
-2.246704517999641507e-02
-2.179204104667573777e-02
-2.114517976324628221e-02
-2.052589564428310490e-02
-1.993348158300501174e-02
-1.936737189398706274e-02
-1.882671804909182706e-02
-1.831081294153812447e-02
-1.781894946454476089e-02
-1.735013766861808263e-02
-1.690352902562065884e-02
-1.647841642877130239e-02
-1.607366850722012630e-02
-1.568829531147345607e-02
-1.532130689203763801e-02
-1.497171329941900803e-02
-1.463838316276767047e-02
-1.432032653258996126e-02
-1.401614333745913356e-02
-1.372491433855964164e-02
-1.344538088582097370e-02
-1.317634089771511745e-02
-1.291662057698529827e-02
-1.266497541569663009e-02
-1.242021747445671946e-02
-1.218110224533067686e-02
-1.194642764679048480e-02
-1.171499159730812582e-02
-1.148562029962683397e-02
-1.125713995648983806e-02
-1.102839091277598924e-02
-1.079829836617788620e-02
-1.056575923011687963e-02
-1.032974112869243337e-02
-1.008926825454651253e-02
-9.843378942456701072e-03
-9.591196380014330516e-03
-9.331872039081976974e-03
-9.064656386471581229e-03
-8.788828173266332103e-03
-8.503765145498786565e-03
-8.208873333472749625e-03
-7.903686046712635541e-03
-7.587764879014109211e-03
-7.260770419122201946e-03
-6.922448108595686579e-03
-6.572585815400206269e-03
-6.211098686722020361e-03
-5.837958438289879079e-03
-5.453179212239407311e-03
-5.056916572062466683e-03
-4.649354365522163392e-03
-4.230775435330975248e-03
-3.801505050608245621e-03
-3.361939191151440583e-03
-2.912572831707389582e-03
-2.453929231294170975e-03
-1.986588217472357899e-03
-1.511172044209394688e-03
-1.028389232500029641e-03
-5.389440606983252405e-04
-4.359582006591916848e-05
4.568659339653154973e-04
9.616298670746453508e-04
1.469862866052476643e-03
1.980733373324133472e-03
2.493385789684380259e-03
3.006985729131417349e-03
3.520656379256572807e-03
4.033605780464918390e-03
4.544985404619028904e-03
5.054031576395225447e-03
5.559966478334199894e-03
6.062054719383520515e-03
6.559603334897622443e-03
7.051975928773438623e-03
7.538521962772278852e-03
8.018718177876063904e-03
8.492027172931090537e-03
8.957996399597403098e-03
9.416215735941908457e-03
9.866345770709640528e-03
1.030807537691687779e-02
1.074117828039363766e-02
1.116545649124118904e-02
1.158076858810329519e-02
1.198705800243746351e-02
1.238426816570119271e-02
1.277241322003011374e-02
1.315156387610234151e-02
1.352181912886724069e-02
1.388329211540980344e-02
1.423618082562876259e-02
1.458068324942284923e-02
1.491698323455517040e-02
1.524522220238196460e-02
1.556582441697194549e-02
1.587907272103758829e-02
1.618510853593512280e-02
1.648435612573327311e-02
1.677681549043202880e-02
1.706305231545634377e-02
1.734320802216245128e-02
1.761756545326283174e-02
1.788640745146995864e-02
1.814987543814006524e-02
1.840825225598562848e-02
1.866167932636288856e-02
1.891029807062807877e-02
1.915439133149367257e-02
1.939395910895967690e-02
1.962928424573856176e-02
1.986036674183032369e-02
2.008720659723496962e-02
2.031008665466496957e-02
2.052872407140784658e-02
2.074340169017608454e-02
2.095397808961343977e-02
2.116045326971991228e-02
2.136282723049550206e-02
2.156109997194020564e-02
2.175498865134155996e-02
2.194477611141202808e-02
2.212989666672667000e-02
2.231077458135418898e-02
2.248684416986963808e-02
2.265824685362925403e-02
2.282484121127680704e-02
2.298648582145605343e-02
2.314289784145451626e-02
2.329421869262843572e-02
2.344002411090910162e-02
2.358045551765274722e-02
2.371523007014690945e-02
2.384420634703533423e-02
2.396724292696179523e-02
2.408419838857004530e-02
2.419507273186009486e-02
2.429972453547570715e-02
2.439801237806063852e-02
2.448979483825865222e-02
2.457507191606974825e-02
2.465370219013768988e-02
2.472554423910624383e-02
2.479073948433164337e-02
2.484900508310141851e-02
2.490048245677179556e-02
2.494503018398655167e-02
2.498278968610191317e-02
2.501347812040541005e-02
2.503737832960951579e-02
2.505434889235799018e-02
2.506453123000707689e-02
2.506778392120053572e-02
2.506438980865084362e-02
2.505420747100175344e-02
2.503737832960951579e-02
2.501404380583036047e-02
2.498420389966428748e-02
2.494800003246753703e-02
2.490571504695258259e-02
2.485706610040694722e-02
2.480261887825558134e-02
2.474223195914225168e-02
2.467604676442319150e-02
2.460434613681087429e-02
2.452713007630530004e-02
2.444468142561894569e-02
2.435714160610805840e-02
2.426451061777261387e-02
2.416721272468135007e-02
2.406510650547800945e-02
2.395847480287507936e-02
2.384760045958502980e-02
2.373248347560785732e-02
2.361326527229980557e-02
2.349022869237334804e-02
2.336351515718471800e-02
2.323312466673391891e-02
2.309934006373342424e-02
2.296230276953947075e-02
2.282201278415205842e-02
2.267875295028366420e-02
2.253266468929052482e-02
2.238374800117263683e-02
2.223228572864248062e-02
2.207827787170004927e-02
2.192172443034534624e-02
2.176304966864708521e-02
2.160211216524902944e-02
2.143919476286364548e-02
2.127415604013470699e-02
2.110727883977468397e-02
2.093856316178356949e-02
2.076815042751761417e-02
2.059604063697680759e-02
2.042237521151739343e-02
2.024729557249560150e-02
2.007080171991144218e-02
1.989289365376490509e-02
1.971371279541223390e-02
1.953340056620966533e-02
1.935181554480095920e-02
1.916924057389859243e-02
1.898567565350256503e-02
1.880112078361287700e-02
1.861557596422952487e-02
1.842918261670875232e-02
1.824208216240679262e-02
1.805427460132364229e-02
1.786575993345931174e-02
1.767653815881379056e-02
1.748675069874331897e-02
1.729653897460414064e-02
1.710590298639624515e-02
1.691484273411964293e-02
1.672335821777432355e-02
1.653159085871653416e-02
1.633968207830250458e-02
1.614749045517599804e-02
1.595529883204949498e-02
1.576296578756675865e-02
1.557063274308401538e-02
1.537844111995751231e-02
1.518624949683100578e-02
1.499434071641697966e-02
1.480257335735918854e-02
1.461108884101386916e-02
1.441988716738102673e-02
1.422925117917313471e-02
1.403892631794896248e-02
1.384913885787849436e-02
1.365991708323297492e-02
1.347130342041927449e-02
1.328335443797988916e-02
1.309612670445731673e-02
1.290964850412279832e-02
1.272399054765445923e-02
1.253920940359479208e-02
1.235531921407941568e-02
1.217239068978645880e-02
1.199045211498715735e-02
1.180956005822401435e-02
1.162975694590390012e-02
1.145105692016243522e-02
1.127351654954211919e-02
1.109717826044981717e-02
1.092205619502115664e-02
1.074820692179863195e-02
1.057563044078224310e-02
1.040438332051448443e-02
1.023446556099535769e-02
1.006593373076735548e-02
9.898787829830479543e-03
9.733056142455976181e-03
9.568752810779471152e-03
9.405906119072209026e-03
9.244516067334191539e-03
9.084625081972289018e-03
8.926219020850879177e-03
8.769326168241206587e-03
8.613960666278898740e-03
8.460108372828329878e-03
8.307797572160748045e-03
8.157028264276151505e-03
8.007800449174541993e-03
7.860128268991543529e-03
7.713997581591532961e-03
7.569436671245754859e-03
7.426417253682962918e-03
7.284953471038782026e-03
7.145045323313212182e-03
7.006692810506252519e-03
6.869881790482279017e-03
6.734612263241292543e-03
6.600884228783292229e-03
6.468697687108278943e-03
6.338038496080629532e-03
6.208892513564719107e-03
6.081273881696170822e-03
5.955168458339360656e-03
5.830576243494291211e-03
5.707468952889713579e-03
5.585860728661250912e-03
5.465723286537656905e-03
5.347070768654553843e-03
5.229889032876319441e-03
5.114163937067328809e-03
4.999881339091958796e-03
4.887055381085833421e-03
4.775657778777704643e-03
4.665688532167573330e-03
4.557133499119814593e-03
4.449992679634428433e-03
4.344251931575792564e-03
4.239911254943905250e-03
4.136956507603144206e-03
4.035373547417884545e-03
3.935162374388127132e-03
3.836322988513871102e-03
3.738827105523870147e-03
3.642674725418123399e-03
3.547865848196630860e-03
3.454400473859393396e-03
3.362236175999538945e-03
3.271401238888314682e-03
3.181867378254473865e-03
3.093648736233640516e-03
3.006717028554566160e-03
2.921058113081628077e-03
2.836686131950449420e-03
2.753586943025406169e-03
2.671760546306498757e-03
2.591178657522479577e-03
2.511855418808973082e-03
2.433762545894730799e-03
2.356914180915376314e-03
2.281282039599663754e-03
2.206880264083214971e-03
2.133680570094783659e-03
2.061697099769992970e-03
1.990915710973219319e-03
1.921308119433215748e-03
1.852902609421229431e-03
1.785656754530388522e-03
1.719584696896317693e-03
1.654672294383392707e-03
1.590919546991613346e-03
1.528298170449732653e-03
1.466822306893374433e-03
1.406477814186914230e-03
1.347251964408291555e-03
1.289139100703256408e-03
1.232130737790434550e-03
1.176218390388451742e-03
1.121396401643058637e-03
1.067653457845756321e-03
1.014982487928732784e-03
9.633735923970513423e-04
9.128197001829003098e-04
8.633123260049053397e-04
8.148401561545676273e-04
7.673961195640750538e-04
7.209717309520533805e-04
6.755556766100038026e-04
6.311408854701144183e-04
5.877160438238860979e-04
5.452726663899448191e-04
5.038022678869161263e-04
4.632935346063012691e-04
4.237365670531634005e-04
3.851214657325660530e-04
3.474411595766972705e-04
3.106815064499334118e-04
2.748354352844625749e-04
2.398902181582234015e-04
2.058373697898416255e-04
1.726669906843806711e-04
1.403659286557104786e-04
1.089256984224567685e-04
7.833526911883306818e-05
4.858360987905283718e-05
1.966011410139829378e-05
-8.446065232153964749e-06
-3.574608626661106883e-05
-6.225071116718266064e-05
-8.797101322606214733e-05
-1.129183061517484893e-04
-1.371034793886719797e-04
-1.605372809599066373e-04
-1.832325802088700679e-04
-2.051995594732113689e-04
-2.264481182478671163e-04
-2.469923986684610597e-04
-2.668408860163674380e-04
-2.860077224272100280e-04
-3.045013931823629602e-04
-3.223346262038877014e-04
-3.395187352002832187e-04
-3.560664480936108164e-04
-3.719862501652446791e-04
-3.872908693372463279e-04
-4.019902051045522846e-04
-4.160983996027863528e-04
-4.296239381133226090e-04
-4.425781343446601288e-04
-4.549737162188602704e-04
-4.668191690172973814e-04
-4.781286348755949944e-04
-4.889105990751274567e-04
-4.991763753243937899e-04
-5.089358631183304614e-04
-5.182017903789990464e-04
-5.269826423877735670e-04
-5.352911470667154900e-04
-5.431357896971990545e-04
-5.505278839877232816e-04
-5.574759152196623021e-04
-5.639926113150774741e-04
-5.700864575553431452e-04
-5.757673534353958912e-04
-5.810466126637346251e-04
-5.859313063081713572e-04
-5.904327480772048921e-04
-5.945608374657719141e-04
-5.983240597552466622e-04
-6.017323144405658207e-04
-6.047940868031036286e-04
-6.075178621242342163e-04
-6.099149541124566053e-04
-6.119910196220202520e-04
-6.137573723614242862e-04
-6.152210833984805014e-04
-6.163920522281253651e-04
-6.172773499181709962e-04
-6.178854617499914166e-04
-6.182248730049608653e-04
-6.183040689644537981e-04
-6.181287064827195631e-04
-6.177086850546947361e-04
-6.170510757481912191e-04
-6.161629496310210225e-04
-6.150527919845580598e-04
-6.137276738766144499e-04
-6.121932521614396492e-04
-6.104580121204078967e-04
-6.085276106077686488e-04
-6.064105329048961445e-04
-6.041124358660398402e-04
-6.016403905590116379e-04
-5.990000538380611025e-04
-5.961984967709999189e-04
-5.932427904256402061e-04
-5.901371774426688666e-04
-5.868873146763354653e-04
-5.835016874080143495e-04
-5.799845382783924220e-04
-5.763415241417193559e-04
-5.725783018522444994e-04
-5.687005282642174173e-04
-5.647124460183253376e-04
-5.606211261823800538e-04
-5.564293971835061314e-04
-5.521443300895156892e-04
-5.477701675410957382e-04
-5.433111521789332895e-04
-5.387729408572780165e-04
-5.341597762168170385e-04
-5.294744866846750296e-04
-5.247241433286636749e-04
-5.199115745759080821e-04
-5.150396088535327084e-04
-5.101153172293496725e-04
-5.051401139169210946e-04
-5.001182415569343110e-04
-4.950553570036385614e-04
-4.899528744705963995e-04
-4.848150365984949992e-04
-4.796460860280213172e-04
-4.744474369727378531e-04
-4.692247462868940093e-04
-4.639808423976145681e-04
-4.587171395184619208e-04
-4.534378802901231327e-04
-4.481458931397230405e-04
-4.428440064943863180e-04
-4.375336345676753024e-04
-4.322204342138395586e-04
-4.269044054328790866e-04
-4.215883766519186687e-04
-4.162751762980829249e-04
-4.109662185849343547e-04
-4.056657461531599693e-04
-4.003751732163222140e-04
-3.950959139879834802e-04
-3.898307968952683875e-04
-3.845798219381771528e-04
-3.793472317573966246e-04
-3.741344405664894651e-04
-3.689428625790177945e-04
-3.637724977949817755e-04
-3.586275888550684732e-04
-3.535081357592778336e-04
-3.484169669347346931e-04
-3.433526681678766607e-04
-3.383194820993908015e-04
-3.333188229428395068e-04
-3.283492764846604938e-04
-3.234136711519783824e-04
-3.185134211583556178e-04
-3.136499407173545372e-04
-3.088218156154128036e-04
-3.040318742796550909e-04
-2.992815309236438988e-04
-2.945707855473791189e-04
-2.898996381508607513e-04
-2.852709171612136324e-04
-2.806832083648753170e-04
-2.761379259754081963e-04
-2.716364842063746614e-04
-2.671788830577746581e-04
-2.627651225296081866e-04
-2.583966168354376921e-04
-2.540719517617007835e-04
-2.497939557355221890e-04
-2.455626287569018544e-04
-2.413779708258398881e-04
-2.372385677287738447e-04
-2.331472478928284524e-04
-2.291025971044414284e-04
-2.251046153636126644e-04
-2.211547168839046056e-04
-2.172529016653172522e-04
-2.133991697078505771e-04
-2.095935210115045530e-04
-2.058345413627168702e-04
-2.021236449750498656e-04
-1.984622460620659304e-04
-1.948475161966402823e-04
-1.912808695923353395e-04
-1.877623062491510749e-04
-1.842918261670875156e-04
-1.808694293461446346e-04
-1.774937015727600406e-04
-1.741646428469337878e-04
-1.708850815957905773e-04
-1.676507751786433169e-04
-1.644631378090543705e-04
-1.613235837005860753e-04
-1.582292844261137571e-04
-1.551816541991997260e-04
-1.521792788062816448e-04
-1.492235724609218778e-04
-1.463117067359956695e-04
-1.434465100586277753e-04
-1.406248711589809996e-04
-1.378479214079051578e-04
-1.351150951199753963e-04
-1.324258266097667262e-04
-1.297799744559229138e-04
-1.271771143943752308e-04
-1.246168221610549761e-04
-1.220988149132496824e-04
-1.196225269655343878e-04
-1.171878168965528720e-04
-1.147939775995239259e-04
-1.124408676530913429e-04
-1.101280627931863678e-04
-1.078548559130278591e-04
-1.056212470126158032e-04
-1.034263875638127573e-04
-1.012701361452624877e-04
-9.915206849289630677e-05
-9.707147749993301901e-05
-9.502822174501636355e-05
-9.302173554272140561e-05
-9.105145320762322392e-05
-8.911723331836554412e-05
-8.721822734681095046e-05
-8.535429387160320923e-05
-8.352500862867361933e-05
-8.172966451124095803e-05
-7.996797867659279861e-05
-7.823938543930416558e-05
-7.654360195666259155e-05
-7.488006254324311461e-05
-7.324834293497703365e-05
-7.164801886779564757e-05
-7.007852465627398091e-05
-6.853957745769957981e-05
-6.703075300800372962e-05
-6.555134420040523472e-05
-6.410120961354786142e-05
-6.267964214065042765e-05
-6.128650036035668616e-05
-5.992107716588546167e-05
-5.858294829316804629e-05
-5.727197232084818600e-05
-5.598744214214469874e-05
-5.472893349298887662e-05
-5.349616353066825902e-05
-5.228870799111411095e-05
-5.110614261025772453e-05
-4.994790170267415818e-05
-4.881370242565093772e-05
-4.770312051511934850e-05
-4.661587312836691633e-05
-4.555125315861243882e-05
-4.450911918449971616e-05
-4.348904694195999303e-05
-4.249075358828082914e-05
-4.151353201668102208e-05
-4.055724080580433140e-05
-3.962145569158205598e-05
-3.870589383130171486e-05
-3.780998953953835969e-05
-3.693360139493575000e-05
-3.607616371206894419e-05
-3.523739364822546131e-05
-3.441714978204906767e-05
-3.361472500675857442e-05
-3.283011932235398156e-05
-3.206276704341033397e-05
-3.131238532721517778e-05
-3.057869133105601173e-05
-2.986140221222037856e-05
-2.916009370663956362e-05
-2.847448297160108256e-05
-2.780428716439247477e-05
-2.714922344230125589e-05
-2.650886754125871805e-05
-2.588307803990862416e-05
-2.527157209553849664e-05
-2.467392544407963101e-05
-2.408985524281953954e-05
-2.351922007040199529e-05
-2.296173708411452071e-05
-2.241698201988840791e-05
-2.188481345636740963e-05
-2.136494855083906187e-05
-2.085710446059088366e-05
-2.036099834291040084e-05
-1.987648877644137630e-05
-1.940315149711510217e-05
