1.311818355834793692e+01
1.420905404308654951e+01
2.664392362326229602e+01
3.328579032996525200e+01
2.487111515893912639e+01
1.329668044445357822e+01
4.945092370761810407e+00
1.285407556337591073e+00
4.643256910354260469e+00
5.398304655431307886e+00
4.300855978742563757e+00
2.509503343893511484e+00
9.176281841390050431e-01
6.238569734818180113e-01
9.655846233254743449e-01
8.931157465149526242e-01
6.094003856907835859e-01
3.948833764504883770e-01
3.156796530295301606e-01
2.161396212043350529e-01
1.095275086182782576e-01
1.210555420467067933e-01
1.356712700944435745e-01
9.909984531861669443e-02
4.702224899079570503e-02
2.309813238495559209e-02
3.113499652468120632e-02
3.017068768949997259e-02
2.143149038069837309e-02
1.330449102097713485e-02
8.992391516093465459e-03
5.204882222964788210e-03
2.543243758557754523e-03
2.921872354191600799e-03
2.970318287644541002e-03
2.193699229534416123e-03
1.218699056699303843e-03
4.822122335306019579e-04
6.014304445580496809e-04
4.473820810366806958e-04
3.643362555040342333e-05
2.139948566993332571e-04
3.154510746587650227e-04
7.732894647839342423e-05
1.635331572182750954e-04
1.291469820232376978e-04
8.909786047698368364e-05
1.191849820162455589e-04
1.130377697187876721e-04
8.064130219383895193e-05
1.172499794143313633e-04
8.211187911284500713e-05
9.655127293004987571e-05
9.146878522193232879e-05
8.284439079530713391e-05
8.719516678980037631e-05
8.293684268916650076e-05
7.643966238128985040e-05
8.014199141089653803e-05
7.688204676363323553e-05
7.042234552816816818e-05
7.260633665521989846e-05
7.128457811273058325e-05
6.486052760836179775e-05
6.604554935716115650e-05
6.696571426628375326e-05
5.879542426874441989e-05
6.055726177210918023e-05
6.263956098757405622e-05
5.320807825691750990e-05
5.700737678036339739e-05
5.583503934959080232e-05
4.987132733856906934e-05
5.253392655862077631e-05
5.144515972122511670e-05
4.519605193516583615e-05
4.910974468089953244e-05
4.653405044449128837e-05
4.211379088105206303e-05
4.626960679657555174e-05
4.049788554822662822e-05
4.003665895588383078e-05
4.250289493209158197e-05
3.656842718441913808e-05
3.814424776921983360e-05
3.895400201204408908e-05
3.169971333857606353e-05
3.739481805780224565e-05
3.584864029826684712e-05
2.792825416855915916e-05
3.573306028402555885e-05
3.207736808171440481e-05
2.662303799549441458e-05
3.282874003328996256e-05
3.047733961239361674e-05
2.259831761285786825e-05
3.247934243127156248e-05
2.830829844528788601e-05
2.024012681279707901e-05
3.137381082084921582e-05
2.563764599333073614e-05
1.928358865282653415e-05
3.097047793318841028e-05
2.181724086218348797e-05
1.932392338688467646e-05
2.924337223780441048e-05
1.976331491564501405e-05
1.969429697070585741e-05
2.567423135571331280e-05
1.846935271333307414e-05
2.042917664302643937e-05
2.423410196965583181e-05
1.619431015691853788e-05
2.169906395148202919e-05
2.090810500532783482e-05
1.812025101415591541e-05
2.084526335920196727e-05
2.004207408045575786e-05
1.677398110297462246e-05
2.288852525207967279e-05
1.804404161137378274e-05
1.861324811209036484e-05
2.199072897844133644e-05
1.699042694260446780e-05
2.049756293234507684e-05
2.203054641897218022e-05
1.655927827658721361e-05
2.018341561079296624e-05
2.307835141800447629e-05
1.707262403084929786e-05
2.082543730160712464e-05
2.260197769725659557e-05
1.752095080072912245e-05
2.154419115119949585e-05
2.331589805666313232e-05
1.826600544298197308e-05
2.113946550199660447e-05
2.346547006614777304e-05
2.005436202178417462e-05
2.197413819890740278e-05
2.302967735417598945e-05
2.053096472885461429e-05
2.281025307788941836e-05
2.375421446372391669e-05
2.184958404506498990e-05
2.285092954541403305e-05
2.391681278367237281e-05
2.270440487301570318e-05
2.423627431408713782e-05
2.352840520909917364e-05
2.401361328894945942e-05
2.410040977101299568e-05
2.465527977778295563e-05
2.465396155004112032e-05
2.483020394218142174e-05
2.462866852825140230e-05
2.608992667075824890e-05
2.440521823037394470e-05
2.585349727994128301e-05
2.703486255213849139e-05
2.399711169821626620e-05
2.665596477728150024e-05
2.815644377070660638e-05
2.406624052490142444e-05
2.718910298765712922e-05
2.957514037245275720e-05
2.288455233752993730e-05
2.870699731851009381e-05
3.018715807743457605e-05
2.384075934653696234e-05
2.831252103381776789e-05
3.142177607494510817e-05
2.288827262064477682e-05
3.033251243235934261e-05
3.173495377395190510e-05
2.337526368536135265e-05
2.923734110357389883e-05
3.375372937687041774e-05
2.315350338026197659e-05
2.982131556796716813e-05
3.394684560196627963e-05
2.359130104320676947e-05
2.960944380523543808e-05
3.423825010011078714e-05
2.433346327748553593e-05
2.976113819219856487e-05
3.330128728220865407e-05
2.599762522754967022e-05
2.930755759434347239e-05
3.227384732569920929e-05
2.731191495886290256e-05
2.886672510490543133e-05
3.200147969746976922e-05
2.930979951819004994e-05
2.691312648310767347e-05
3.175932594312908691e-05
3.104425615178479730e-05
2.590674271867987504e-05
3.150774831760698523e-05
3.234168456714061203e-05
2.529558652265934625e-05
3.084683524394525155e-05
3.388146024064156024e-05
2.470979237018921721e-05
3.031520857876536740e-05
3.391977766772308285e-05
2.621748371314103757e-05
2.887809901351544859e-05
3.461626956778291288e-05
2.651247211648682787e-05
2.741394986516596695e-05
3.547779397335068123e-05
2.632943943804463946e-05
2.748262229567196836e-05
3.425921583891484789e-05
2.708382981948064509e-05
2.729083548158746896e-05
3.345395535529243405e-05
2.704344128320540302e-05
2.744725149127968190e-05
3.183674332721236195e-05
2.706560712742416341e-05
2.890408582909194808e-05
2.943535636567721751e-05
2.767108207773686293e-05
2.884853766021111771e-05
2.794015997216777586e-05
2.822039958867900345e-05
2.807159117839937165e-05
2.782468605363970287e-05
2.780343068587770981e-05
2.789342400387990076e-05
2.751763560747432476e-05
2.714891355025115843e-05
2.755128973720908956e-05
2.732906217583241687e-05
2.680417678845932228e-05
2.717338699718565596e-05
2.647652919324224466e-05
2.664580111065806574e-05
2.659019294946219508e-05
2.667563954216967478e-05
2.514189997628100458e-05
2.704252018531906769e-05
2.568703344131284945e-05
2.489647729267604472e-05
2.644860528887251936e-05
2.547506245486981708e-05
2.380353871467455975e-05
2.608289872674680651e-05
2.602603105681741425e-05
2.259115407504891040e-05
2.495076997066904438e-05
2.616394908682361745e-05
2.229356635909469144e-05
2.360594944365297209e-05
2.656664309207732810e-05
2.065714132007582209e-05
2.439392441082546638e-05
2.484545365410246662e-05
2.039209994004320732e-05
2.418101927478819089e-05
2.350519836433534994e-05
1.972749657262039770e-05
2.397151890512282086e-05
2.334148519232727290e-05
1.811186718498571230e-05
2.367931025160880878e-05
2.298115031356340053e-05
1.742838822556222895e-05
2.282198352953677161e-05
2.156803443885549205e-05
1.838016513057229203e-05
2.143366031055670022e-05
2.002362222768311965e-05
1.902116229522464946e-05
2.023866559580414143e-05
1.894002061731580233e-05
1.891249776180772851e-05
1.928874711515058085e-05
1.779340048405940520e-05
1.953683497494044025e-05
1.708062728740003500e-05
1.764209919160914138e-05
1.989842420844978516e-05
1.453583290125398923e-05
1.847397096670111584e-05
1.869546928770338638e-05
1.465803285167692241e-05
1.664356342302782691e-05
1.830309098154880995e-05
1.449425347340469071e-05
1.534329565337252035e-05
1.709956147014719393e-05
1.525896340192490201e-05
1.346817341028545346e-05
1.736535984232346369e-05
1.303570430494370135e-05
1.422263798379401232e-05
1.631025066962862722e-05
1.221987466929066444e-05
1.334336862220059170e-05
1.594877161138801830e-05
1.188199671601315046e-05
1.200732831601700251e-05
1.548750351627995286e-05
1.205185138245514871e-05
1.050392774698632666e-05
1.561781687492093976e-05
1.213958388307382302e-05
8.801035229269230155e-06
1.460927603063583006e-05
1.136048421946180188e-05
1.013004545666542075e-05
1.153789135213185261e-05
1.196011373282659521e-05
7.879221923783058133e-06
1.280120806977687393e-05
1.000844463886172992e-05
8.482975773699107989e-06
1.060092240982495576e-05
1.026794046706173592e-05
8.571022168713729998e-06
8.856548098413202598e-06
1.075560570554073126e-05
7.466414957175458787e-06
8.886215934283270827e-06
9.243210174022829792e-06
9.432207877545540644e-06
5.827840374511861638e-06
1.005504476925943386e-05
8.592596731845008335e-06
6.678338858098300931e-06
8.011541505570054416e-06
9.947884116871799826e-06
5.142990483412426300e-06
8.398571538759571956e-06
9.776266856216985220e-06
4.938669864851397484e-06
8.396297436305036040e-06
8.785730056009326874e-06
5.608101758754301854e-06
8.816456186166648105e-06
7.797020977128908486e-06
6.805012082536144388e-06
7.593664114325457037e-06
7.058023441024671345e-06
7.798645294516521906e-06
7.382042303614877775e-06
7.048845682093714532e-06
7.504791821642203862e-06
7.854220595525510646e-06
7.244598290606868188e-06
7.826849426133422624e-06
7.324788996179840391e-06
8.168403569357845305e-06
7.940559348027614297e-06
7.599562986154125516e-06
8.248950001648936003e-06
8.895325974573677389e-06
6.360070458439737665e-06
1.008895031993150773e-05
9.976720336140231166e-06
5.644718509846606514e-06
1.060383128463508455e-05
1.019264361221719519e-05
6.384848505981841978e-06
1.138719350333015973e-05
9.521625847365435298e-06
7.144045744596745343e-06
1.266666784309499953e-05
8.822741043642398417e-06
8.913022689821729189e-06
1.196320253929552479e-05
8.269380502266312000e-06
1.032992671370304307e-05
1.230887126949132217e-05
8.623759930842117232e-06
1.033500350079767436e-05
1.275982787387367467e-05
8.748783532465546217e-06
1.211998303327695920e-05
1.184672644630851991e-05
9.562813657808382029e-06
1.218461647278712381e-05
1.263788718043141022e-05
9.602722587526938631e-06
1.353698788667476386e-05
1.095419404567090301e-05
1.201077176352113237e-05
1.335980104918792810e-05
1.092216812054399567e-05
1.240944220396275038e-05
1.378099095806573429e-05
1.168959474417814062e-05
1.222751525468478282e-05
1.458384641565204887e-05
1.182276063064144389e-05
1.264146194814298301e-05
1.456301168279111858e-05
1.337146948165782225e-05
1.211159551334122165e-05
1.437634791943713907e-05
1.439384131733523701e-05
1.281815189226178053e-05
1.374833248365705397e-05
1.588926787414066824e-05
1.150924811061061683e-05
1.557992549202659032e-05
1.562541390743129910e-05
1.180006695637435118e-05
1.575111863964946104e-05
1.740999647587654378e-05
1.010025671500466492e-05
1.733880731295677640e-05
1.787752482108722880e-05
1.017952546665202771e-05
1.741363349062716073e-05
1.846499383800992989e-05
1.041840398229193362e-05
1.740028392549009930e-05
1.783213023545477326e-05
1.199884914590488792e-05
1.713284950083453253e-05
1.667000581011683397e-05
1.296250928529849409e-05
1.747584850517844667e-05
1.695106501602891129e-05
1.263077221168167299e-05
1.837993309951800966e-05
1.554702395792488962e-05
1.449320077476364938e-05
1.799780853299607931e-05
1.510613158985236948e-05
1.498608569469635633e-05
1.816519503146508507e-05
1.440166500514561567e-05
1.666956627142002984e-05
1.706998983262003532e-05
1.404919288825404522e-05
1.701898469280069937e-05
1.832737710930360873e-05
1.312616730452573533e-05
1.790591175633964987e-05
1.733802125424334926e-05
1.370300666372809095e-05
1.814415434933386244e-05
1.755295786853534130e-05
1.280775162247251443e-05
1.918422425609782379e-05
1.679757905454808744e-05
1.409581081124311046e-05
1.821090755290617180e-05
1.646317882763808998e-05
1.409885682688612405e-05
1.829560546947488399e-05
1.666405961740948091e-05
1.407698084600981737e-05
1.816309044268434635e-05
1.494029566672910571e-05
1.697533448624920373e-05
1.541406116274472141e-05
1.652740932652707270e-05
1.482005415771470717e-05
1.760791474018624572e-05
1.451844391533895203e-05
1.681397754626025420e-05
1.583576611873505115e-05
1.492875921012031527e-05
1.628368066642148403e-05
1.641867552983559259e-05
1.404391242376808712e-05
1.627576134803328592e-05
1.686176084086083398e-05
1.291720046755921440e-05
1.720815204009770391e-05
1.631769883694800951e-05
1.255606190799254467e-05
1.656503209201058257e-05
1.686615778963168632e-05
1.193422657267937490e-05
1.662952405124741735e-05
1.742851780638927822e-05
1.096540349613826124e-05
1.648437954021617720e-05
1.684062962925261993e-05
1.132136100544329600e-05
1.614258972024622678e-05
1.695306932602440837e-05
1.008439530811983641e-05
1.686665106163962258e-05
1.740104848691898315e-05
8.668375443205949128e-06
1.752496958928849988e-05
1.528624242101427833e-05
9.400236278741024978e-06
1.727576415817238438e-05
1.493050757221947679e-05
8.478311151743531557e-06
1.737582592319191803e-05
1.548692904101935778e-05
7.151446837895227651e-06
1.761996330889607971e-05
1.458711263277949789e-05
7.080281508931353429e-06
1.703022806367058737e-05
1.669103933380504235e-05
5.052977908367762709e-06
1.694691147216439005e-05
1.565639326757688361e-05
6.522712917893629487e-06
1.519488734847271579e-05
1.621354041172822050e-05
5.628381197793014750e-06
1.528917024853880671e-05
1.520161411362994445e-05
6.897414062598739424e-06
1.287273428024828172e-05
1.498442264563064391e-05
7.673079677512554178e-06
1.110765187174104708e-05
1.509741880917008465e-05
8.304539367216541473e-06
9.467269292402407529e-06
1.493500450304133698e-05
8.114331235765616439e-06
8.422552795068085797e-06
1.314620756451651766e-05
8.903567795575577457e-06
7.690652664565727519e-06
1.135933512450268670e-05
1.055001609837176652e-05
6.205613292646712908e-06
1.039579451541804058e-05
1.060579330010057670e-05
7.017015053786072176e-06
7.737099049089695967e-06
1.179197774037189073e-05
6.753685541107699590e-06
6.682884663478464300e-06
1.314483063246695070e-05
6.610818829502527594e-06
4.409515372328518501e-06
1.275912050411922010e-05
6.630798753482379473e-06
5.019006766548508801e-06
1.174319509971136090e-05
5.909310442334549938e-06
5.245277331710351080e-06
9.930677861273563378e-06
6.912952688509032108e-06
4.759499444692257175e-06
8.555458230826832024e-06
5.455598726640563319e-06
6.741796942575911786e-06
7.223529119644181075e-06
5.046774247235106674e-06
6.776938474209986122e-06
6.355564745302970228e-06
5.652814593060233576e-06
8.257697298944160401e-06
3.776041834183513352e-06
5.660048954505816247e-06
9.202777079579246632e-06
4.601644120762117127e-06
5.835133606912614875e-06
8.215820939519724180e-06
4.693185944805416588e-06
5.081511945073912935e-06
1.055497949858865710e-05
4.921904990066440354e-06
6.253388159999797093e-06
9.447889706803201882e-06
5.721015818839105926e-06
3.639857442253636468e-06
1.074350882407675173e-05
7.082592196859710304e-06
6.137021693005568910e-06
1.169139544377094152e-05
6.498398100861406884e-06
3.904225857421620728e-06
1.167905660145400048e-05
8.984835490465268134e-06
3.920466683665403187e-06
1.151809763465727849e-05
8.378502530603162827e-06
2.130951251706420282e-06
1.158566971799315125e-05
9.909549220313416571e-06
1.448006108418382260e-06
1.021587344167510770e-05
1.049003831916872994e-05
1.180212447767570127e-06
9.334312064953778865e-06
1.025363377786018609e-05
2.609997263570337693e-06
8.787276305432022846e-06
9.858612786430188070e-06
5.684135625549647601e-06
5.585157550486931156e-06
1.075656886112970878e-05
7.128560006027691840e-06
5.722045721366222912e-06
9.296481438213074165e-06
1.062323373715234743e-05
3.621819201766804397e-06
1.021107519904676202e-05
1.177243680993816368e-05
5.138674823774143507e-06
9.438402911954181976e-06
1.328326837320639894e-05
6.025317642985237364e-06
9.417561937306768801e-06
1.453000616416122396e-05
6.763451527994191949e-06
9.182996208491321259e-06
1.559852277916848117e-05
6.717216709006290258e-06
8.770310442938055205e-06
1.432209004952995576e-05
1.000681304417911692e-05
5.588744462498042762e-06
1.613075267033224215e-05
1.121819506982702626e-05
5.097515670345813262e-06
1.450857172055436464e-05
1.410904205610128568e-05
4.040494743237587439e-06
1.427908529182449966e-05
1.449556190171395088e-05
5.484141396719643811e-06
1.287429631759567487e-05
1.619782345095825969e-05
6.683930428501026256e-06
1.172988432970424641e-05
1.692278710009248181e-05
8.282438859146586813e-06
1.247165547667467722e-05
1.807385633967001999e-05
7.707932090013154924e-06
1.248857921699304973e-05
1.691708450886539103e-05
1.072120302353326188e-05
1.046354541817664456e-05
1.763885773395615334e-05
1.090153740956586312e-05
1.047521494853491539e-05
1.622709143764689875e-05
1.266272471516998245e-05
8.991247153143826026e-06
1.684795452063459081e-05
1.223730777696010673e-05
1.057553950227035528e-05
1.516157235040248602e-05
1.303081279598821785e-05
1.094478120058679076e-05
1.537988659585745282e-05
1.219086169045254110e-05
1.311460230826885428e-05
1.293684565048553597e-05
1.398863569253390824e-05
1.295609631688923563e-05
1.304700045599217822e-05
1.442851123675554714e-05
1.279675924001566119e-05
1.314872061122872718e-05
1.487422825079228711e-05
1.238717640364612924e-05
1.384631728063053630e-05
1.487623751825402170e-05
1.235814372128816907e-05
1.377352355827016332e-05
1.609927003919612583e-05
1.109750628535947388e-05
1.475551639419908448e-05
1.535283981085602419e-05
1.218628249969136761e-05
1.455156143166477782e-05
1.495960877379249361e-05
1.301461766323889558e-05
1.389236228635029466e-05
1.496137588217771513e-05
1.368171285983821276e-05
1.375072586131596617e-05
1.457588816754796131e-05
1.388006109436984084e-05
1.388006108333548504e-05
1.457588816754796131e-05
1.375072587760749634e-05
1.368171284470201860e-05
1.496137588217771513e-05
1.389236229455172844e-05
1.301461765442179929e-05
1.495960877379249361e-05
1.455156144046870614e-05
1.218628249029902245e-05
1.535283981085602419e-05
1.475551640264717087e-05
1.109750627530104403e-05
1.609927003919612583e-05
1.377352356727996469e-05
1.235814371134670599e-05
1.487623751825402170e-05
1.384631728955466706e-05
1.238717639453319992e-05
1.487422825079228711e-05
1.314872061996254658e-05
1.279675923070548331e-05
1.442851123675554714e-05
1.304700046551478689e-05
1.295609630715883454e-05
1.398863569253390824e-05
1.293684566018785793e-05
1.311460229759210392e-05
1.219086169045254110e-05
1.537988660514786943e-05
1.094478119110245443e-05
1.303081279598821785e-05
1.516157235996118506e-05
1.057553949255107234e-05
1.223730777696010673e-05
1.684795452939935571e-05
8.991247144935937853e-06
1.266272471516998245e-05
1.622709144676525247e-05
1.047521494057179094e-05
1.090153740956586312e-05
1.763885774196277293e-05
1.046354541056463559e-05
1.072120302353326188e-05
1.691708451833080125e-05
1.248857920799298246e-05
7.707932090013154924e-06
1.807385634879092836e-05
1.247165546932458100e-05
8.282438859146586813e-06
1.692278711048513900e-05
1.172988432176608064e-05
6.683930428501026256e-06
1.619782346059834167e-05
1.287429631084480873e-05
5.484141396719643811e-06
1.449556191140009111e-05
1.427908528368684068e-05
4.040494743237587439e-06
1.410904206569557367e-05
1.450857171230478381e-05
5.097515670345813262e-06
1.121819508040214790e-05
1.613075266171067325e-05
5.588744462498042762e-06
1.000681305389539797e-05
1.432209004057279410e-05
8.770310442938055205e-06
6.717216718945010637e-06
1.559852277010507617e-05
9.182996208491321259e-06
6.763451537318836311e-06
1.453000615513734321e-05
9.417561937306768801e-06
6.025317651789381674e-06
1.328326836357620862e-05
9.438402911954181976e-06
5.138674833381660451e-06
1.177243680065274796e-05
1.021107519904676202e-05
3.621819210535495720e-06
1.062323372866707799e-05
9.296481438213074165e-06
5.722045728878902016e-06
7.128559996579384056e-06
1.075656886112970878e-05
5.585157556997185731e-06
5.684135616819611898e-06
9.858612786430188070e-06
8.787276311448658807e-06
2.609997254975599833e-06
1.025363377786018609e-05
9.334312072600441641e-06
1.180212439294584783e-06
1.049003831916872994e-05
1.021587344942160178e-05
1.448006107290583514e-06
9.909549220313416571e-06
1.158566972562256166e-05
2.130951251645330995e-06
8.378502530603162827e-06
1.151809764328366362e-05
3.920466682268240975e-06
8.984835490465268134e-06
1.167905661013136344e-05
3.904225852718174674e-06
6.498398100861406884e-06
1.169139545383909361e-05
6.137021687415411497e-06
7.082592196859710304e-06
1.074350883416637272e-05
3.639857436332566999e-06
5.721015818839105926e-06
9.447889715614655239e-06
6.253388150685404370e-06
4.921904990066440354e-06
1.055497950837552311e-05
5.081511937656039687e-06
4.693185944805416588e-06
8.215820948081033461e-06
5.835133597508580656e-06
4.601644120762117127e-06
9.202777089418869239e-06
5.660048945121878731e-06
3.776041834183513352e-06
8.257697307364374322e-06
5.652814583490828032e-06
6.355564745302970228e-06
6.776938484840637551e-06
5.046774241702842269e-06
7.223529119644181075e-06
6.741796951881589386e-06
5.455598722120548179e-06
8.555458230826832024e-06
4.759499455393284337e-06
6.912952684432204088e-06
9.930677861273563378e-06
5.245277342147934902e-06
5.909310439834912512e-06
1.174319509971136090e-05
5.019006775070915553e-06
6.630798752109486449e-06
1.275912050411922010e-05
4.409515381264219733e-06
6.610818827571681263e-06
1.314483063246695070e-05
6.682884673411094512e-06
6.753685538491028468e-06
1.179197774037189073e-05
7.737099058040565865e-06
7.017015047607689345e-06
1.060579330010057670e-05
1.039579452478568626e-05
6.205613286962260399e-06
1.055001609837176652e-05
1.135933513227103423e-05
7.690652657782911294e-06
8.903567795575577457e-06
1.314620757107700128e-05
8.422552786940489572e-06
8.114331235765616439e-06
1.493500450924851300e-05
9.467269283909718081e-06
8.304539367216541473e-06
1.509741881496215862e-05
1.110765186331374858e-05
7.673079677512554178e-06
1.498442265202910369e-05
1.287273427220054885e-05
6.897414062598739424e-06
1.520161411846417663e-05
1.528917023921849322e-05
5.628381197793014750e-06
1.621354041718510829e-05
1.519488734014858251e-05
6.522712917893629487e-06
1.565639327213835255e-05
1.694691146388519186e-05
5.052977908367762709e-06
1.669103933887292179e-05
1.703022805638070673e-05
7.080281508931353429e-06
1.458711263725738669e-05
1.761996330155798934e-05
7.151446837895227651e-06
1.548692904604688796e-05
1.737582591595566474e-05
8.478311151743531557e-06
1.493050757800076465e-05
1.727576415103503744e-05
9.400236278741024978e-06
1.528624242730822441e-05
1.752496958169649614e-05
8.668375443205949128e-06
1.740104849278435427e-05
1.686665105334224368e-05
1.008439530811983641e-05
1.695306933302380076e-05
1.614258971196990173e-05
1.132136100544329600e-05
1.684062963699539214e-05
1.648437953251175863e-05
1.096540349613826124e-05
1.742851781423974220e-05
1.662952404316225409e-05
1.193422657267937490e-05
1.686615779781002660e-05
1.656503208491768453e-05
1.255606190799254467e-05
1.631769884516538784e-05
1.720815203270260484e-05
1.291720046755921440e-05
1.686176085029456856e-05
1.627576134116784332e-05
1.404391242376808712e-05
1.641867553795838105e-05
1.628368065936355150e-05
1.492875921012031527e-05
1.583576612753022792e-05
1.681397753877518329e-05
1.451844391533895203e-05
1.760791474909815041e-05
1.482005415056407197e-05
1.652740932652707270e-05
1.541406117414629309e-05
1.697533447775502859e-05
1.494029566672910571e-05
1.816309044862745816e-05
1.407698084038171373e-05
1.666405961740948091e-05
1.829560548119003405e-05
1.409885681722117150e-05
1.646317882763808998e-05
1.821090756271488448e-05
1.409581080330373512e-05
1.679757905454808744e-05
1.918422426538098641e-05
1.280775161509247560e-05
1.755295786853534130e-05
1.814415435871891973e-05
1.370300665570979077e-05
1.733802125424334926e-05
1.790591176606371008e-05
1.312616729696819905e-05
1.832737710930360873e-05
1.701898470263275628e-05
1.404919288050222669e-05
1.706998983262003532e-05
1.666956628149330818e-05
1.440166499749996086e-05
1.816519503146508507e-05
1.498608570446075902e-05
1.510613158244498674e-05
1.799780853299607931e-05
1.449320078454236524e-05
1.554702395079287559e-05
1.837993309951800966e-05
1.263077222121009061e-05
1.695106500868308582e-05
1.747584850517844667e-05
1.296250929478014532e-05
1.667000580291737918e-05
1.713284950083453253e-05
1.199884915474069686e-05
1.783213022821115079e-05
1.740028392549009930e-05
1.041840399057363732e-05
1.846499383071795199e-05
1.741363349062716073e-05
1.017952547631457130e-05
1.787752481326400201e-05
1.733880731295677640e-05
1.010025672372456757e-05
1.740999646843677557e-05
1.575111863964946104e-05
1.180006696580834326e-05
1.562541389893560946e-05
1.557992549202659032e-05
1.150924811984615078e-05
1.588926786627646538e-05
1.374833248365705397e-05
1.281815190109018302e-05
1.439384130879139016e-05
1.437634791943713907e-05
1.211159552329021992e-05
1.337146947363305751e-05
1.456301168279111858e-05
1.264146195778480310e-05
1.182276062253151000e-05
1.458384641565204887e-05
1.222751526435577642e-05
1.168959473572996953e-05
1.378099095806573429e-05
1.240944221343965485e-05
1.092216811201383857e-05
1.335980104918792810e-05
1.201077177282703613e-05
1.095419403734202296e-05
1.353698788667476386e-05
9.602722597679243450e-06
1.263788717194217158e-05
1.218461647278712381e-05
9.562813667779384528e-06
1.184672643837918022e-05
1.211998303327695920e-05
8.748783542420397491e-06
1.275982786580209782e-05
1.033500350079767436e-05
8.623759939723242438e-06
1.230887126073812096e-05
1.032992671370304307e-05
8.269380511768884950e-06
1.196320253088085555e-05
8.913022689821729189e-06
8.822741051782147871e-06
1.266666783453228757e-05
7.144045744596745343e-06
9.521625856848907655e-06
1.138719349439750951e-05
6.384848505981841978e-06
1.019264362170863982e-05
1.060383127528422706e-05
5.644718509846606514e-06
9.976720345302291789e-06
1.008895031049780195e-05
6.360070458439737665e-06
8.895325983456779569e-06
8.248949993520872216e-06
7.599562986154125516e-06
7.940559357321078530e-06
8.168403561342108251e-06
7.324788996179840391e-06
7.826849435243556739e-06
7.244598283958221982e-06
7.854220595525510646e-06
7.504791831372834503e-06
7.048845675711970102e-06
7.382042303614877775e-06
7.798645302993959680e-06
7.058023436785313796e-06
7.593664114325457037e-06
6.805012089048310717e-06
7.797020975951124419e-06
8.816456186166648105e-06
5.608101767975792849e-06
8.785730052616431371e-06
8.396297436305036040e-06
4.938669872051363036e-06
9.776266853580073399e-06
8.398571538759571956e-06
5.142990491434330601e-06
9.947884114348549663e-06
8.011541505570054416e-06
6.678338862990592133e-06
8.592596729533811176e-06
1.005504476925943386e-05
5.827840380748288249e-06
9.432207876232461699e-06
9.243210174022829792e-06
8.886215940106627421e-06
7.466414956296594342e-06
1.075560570554073126e-05
8.856548102985144246e-06
8.571022166341068740e-06
1.026794046706173592e-05
1.060092241416114273e-05
8.482975772209383711e-06
1.000844463886172992e-05
1.280120807527523245e-05
7.879221920235521519e-06
1.196011373282659521e-05
1.153789135628741658e-05
1.013004545408659337e-05
1.136048421946180188e-05
1.460927603521152406e-05
8.801035226348445406e-06
1.213958388307382302e-05
1.561781687916207777e-05
1.050392774393113811e-05
1.205185138245514871e-05
1.548750351989050872e-05
1.200732831443044373e-05
1.188199671601315046e-05
1.594877161441670318e-05
1.334336861916261825e-05
1.221987466929066444e-05
1.631025067223996203e-05
1.422263798192472580e-05
1.303570430494370135e-05
1.736535984552069458e-05
1.346817340773492375e-05
1.525896340192490201e-05
1.709956147409702715e-05
1.534329565007605786e-05
1.449425347340469071e-05
1.830309098358999672e-05
1.664356342199219021e-05
1.465803285167692241e-05
1.869546928965683410e-05
1.847397096411834637e-05
1.453583290125398923e-05
1.989842421159456777e-05
1.764209918951712924e-05
1.708062728740003500e-05
1.953683497797503404e-05
1.779340048337140439e-05
1.928874711515058085e-05
1.891249776581469241e-05
1.894002061642092218e-05
2.023866559580414143e-05
1.902116229674244779e-05
2.002362222810934663e-05
2.143366031055670022e-05
1.838016513291516145e-05
2.156803443965070013e-05
2.282198352953677161e-05
1.742838823055320118e-05
2.298115031221947095e-05
2.367931025160880878e-05
1.811186718945270995e-05
2.334148519139251445e-05
2.397151890512282086e-05
1.972749657626446897e-05
2.350519836327936751e-05
2.418101927478819089e-05
2.039209994433449307e-05
2.484545365223411861e-05
2.439392441082546638e-05
2.065714132357819152e-05
2.656664309027591264e-05
2.360594944365297209e-05
2.229356636294860326e-05
2.616394908444228935e-05
2.495076997066904438e-05
2.259115408023818999e-05
2.602603105442035506e-05
2.608289872674680651e-05
2.380353872020807353e-05
2.547506245255233833e-05
2.644860528887251936e-05
2.489647729831469562e-05
2.568703343841177855e-05
2.704252018531906769e-05
2.514189998171974553e-05
2.667563953825563718e-05
2.659019294946219508e-05
2.664580111634060310e-05
2.647652918942471799e-05
2.717338699718565596e-05
2.680417679431374974e-05
2.732906217170131860e-05
2.755128973720908956e-05
2.714891355575841419e-05
2.751763560358107334e-05
2.789342400387990076e-05
2.780343069122732596e-05
2.782468605009492759e-05
2.807159117839937165e-05
2.822039959506187783e-05
2.794015996739256325e-05
2.884853766021111771e-05
2.767108208411256463e-05
2.943535636148914781e-05
2.890408582909194808e-05
2.706560713325708979e-05
3.183674332287461135e-05
2.744725149127968190e-05
2.704344128936960059e-05
3.345395535049374845e-05
2.729083548158746896e-05
2.708382982527559390e-05
3.425921583444989328e-05
2.748262229567196836e-05
2.632943944380034015e-05
3.547779396903668822e-05
2.741394986516596695e-05
2.651247212306642056e-05
3.461626956305501214e-05
2.887809901351544859e-05
2.621748371902469106e-05
3.391977766299878708e-05
3.031520857876536740e-05
2.470979237744646336e-05
3.388146023585140597e-05
3.084683524394525155e-05
2.529558652955663051e-05
3.234168456207171615e-05
3.150774831760698523e-05
2.590674272443930267e-05
3.104425614760009539e-05
3.175932594312908691e-05
2.691312649093424773e-05
2.930979951330004742e-05
3.200147969746976922e-05
2.886672511326735413e-05
2.731191495405194854e-05
3.227384732569920929e-05
2.930755760282601608e-05
2.599762522225902112e-05
3.330128728220865407e-05
2.976113820186636176e-05
2.433346327229764209e-05
3.423825010011078714e-05
2.960944381441283339e-05
2.359130103784601315e-05
3.394684560196627963e-05
2.982131557694799081e-05
2.315350337457381492e-05
3.375372937687041774e-05
2.923734111155377929e-05
2.337526367953881429e-05
3.173495377395190510e-05
3.033251244048839912e-05
2.288827261454613621e-05
3.142177607494510817e-05
2.831252104375156701e-05
2.384075933991812831e-05
3.018715807743457605e-05
2.870699732689230136e-05
2.288455233160935318e-05
2.957514037245275720e-05
2.718910299705469888e-05
2.406624051835500833e-05
2.815644377070660638e-05
2.665596478546297115e-05
2.399711169180364403e-05
2.703486255213849139e-05
2.585349728972616696e-05
2.440521822361381879e-05
2.608992667075824890e-05
2.462866853833955115e-05
2.483020393513758723e-05
2.465396155004112032e-05
2.465527978676949070e-05
2.410040976443641843e-05
2.401361328894945942e-05
2.352840521750393599e-05
2.423627430710172825e-05
2.270440487301570318e-05
2.391681279164848228e-05
2.285092953868341100e-05
2.184958404506498990e-05
2.375421447259149106e-05
2.281025307077048930e-05
2.053096472885461429e-05
2.302967736170731175e-05
2.197413819237228948e-05
2.005436202178417462e-05
2.346547007415038786e-05
2.113946549589852290e-05
1.826600544298197308e-05
2.331589806404169393e-05
2.154419114450444918e-05
1.752095080072912245e-05
2.260197770384456372e-05
2.082543729516262354e-05
1.707262403084929786e-05
2.307835142511413881e-05
2.018341560383278809e-05
1.655927827658721361e-05
2.203054642540611712e-05
2.049756292625291095e-05
1.699042694260446780e-05
2.199072898524199795e-05
1.861324810666989947e-05
1.804404161137378274e-05
2.288852525901298305e-05
1.677398109913675006e-05
2.004207408045575786e-05
2.084526336451242000e-05
1.812025101239052595e-05
2.090810500532783482e-05
2.169906395668166630e-05
1.619431015618781950e-05
2.423410196965583181e-05
2.042917664865395686e-05
1.846935271396207403e-05
2.567423135571331280e-05
1.969429697573686720e-05
1.976331491741141317e-05
2.924337223780441048e-05
1.932392339199570715e-05
2.181724086579085560e-05
3.097047793318841028e-05
1.928358865804008970e-05
2.563764599513151802e-05
3.137381082084921582e-05
2.024012681611159686e-05
2.830829844755153074e-05
3.247934243127156248e-05
2.259831761432824968e-05
3.047733961531971238e-05
3.282874003328996256e-05
2.662303799625505356e-05
3.207736808350418543e-05
3.573306028402555885e-05
2.792825416964958194e-05
3.584864030013003500e-05
3.739481805780224565e-05
3.169971333875749799e-05
3.895400201393186125e-05
3.814424776921983360e-05
3.656842718480812949e-05
4.250289493250765811e-05
4.003665895588383078e-05
4.049788554789855542e-05
4.626960679805762223e-05
4.211379088105206303e-05
4.653405044410816521e-05
4.910974468219949762e-05
4.519605193516583615e-05
5.144515972059004528e-05
5.253392655999681183e-05
4.987132733856906934e-05
5.583503934832535542e-05
5.700737678215888363e-05
5.320807825691750990e-05
6.263956098697919515e-05
6.055726177309459803e-05
5.879542426874441989e-05
6.696571426536047380e-05
6.604554935913467550e-05
6.486052760836179775e-05
7.128457811282844605e-05
7.260633665684361319e-05
7.042234552816816818e-05
7.688204676355917097e-05
8.014199141157339189e-05
7.643966238128985040e-05
8.293684268958768620e-05
8.719516679185225602e-05
8.284439079530713391e-05
9.146878522216159689e-05
9.655127293035704373e-05
8.211187911284500713e-05
1.172499794159254116e-04
8.064130219477533669e-05
1.130377697187876721e-04
1.191849820158238585e-04
8.909786047439057020e-05
1.291469820232376978e-04
1.635331572197962040e-04
7.732894647127376672e-05
3.154510746587650227e-04
2.139948567108899307e-04
3.643362555708027912e-05
4.473820810366806958e-04
6.014304445690250595e-04
4.822122335344237163e-04
1.218699056699303843e-03
2.193699229545319727e-03
2.970318287651029301e-03
2.921872354191600799e-03
2.543243758565042530e-03
5.204882222972183337e-03
8.992391516093465459e-03
1.330449102098219503e-02
2.143149038070581158e-02
3.017068768949997259e-02
3.113499652467137391e-02
2.309813238495849255e-02
4.702224899079570503e-02
9.909984531861204538e-02
1.356712700944443795e-01
1.210555420467067933e-01
1.095275086182653929e-01
2.161396212043361631e-01
3.156796530295301606e-01
3.948833764504751098e-01
6.094003856907803662e-01
8.931157465149526242e-01
9.655846233254561373e-01
6.238569734818086854e-01
9.176281841390050431e-01
2.509503343893494165e+00
4.300855978742559316e+00
5.398304655431307886e+00
4.643256910354251588e+00
1.285407556337593515e+00
4.945092370761810407e+00
1.329668044445357111e+01
2.487111515893911218e+01
3.328579032996525200e+01
2.664392362326228181e+01
1.420905404308654596e+01
